epoch (ms),Accelerometer_x,Accelerometer_y,Accelerometer_z,Gyroscope_x,Gyroscope_y,Gyroscope_z,Participants,Label,Category,Set
2019-01-14 13:29:37.800,-0.0165,0.8634999999999999,-0.0419999999999999,7.6464,-2.5,-8.3414,C,bench,heavy,5
2019-01-14 13:29:38.000,-0.0385,0.8905000000000001,-0.0655,17.3416,-3.7196,-13.158600000000002,C,bench,heavy,6
2019-01-14 13:29:38.200,-0.0886666666666666,0.9563333333333331,-0.1266666666666666,13.914600000000002,-7.4026,-12.7804,C,bench,heavy,3
2019-01-14 13:29:38.400,-0.129,0.946,-0.1139999999999999,7.4144,-7.5244,-5.329400000000001,C,bench,heavy,1
2019-01-14 13:29:38.600,-0.1346666666666666,0.946,-0.1466666666666666,0.2682000000000002,-8.4024,-2.9636000000000005,C,bench,heavy,3
2019-01-14 13:29:38.800,-0.1475,0.8975,-0.115,-17.207,-7.134399999999999,11.89,C,bench,heavy,4
2019-01-14 13:29:39.000,-0.2306666666666666,1.340666666666667,-0.1096666666666666,10.8416,-5.7804,-3.0242000000000004,C,bench,heavy,6
2019-01-14 13:29:39.200,-0.1375,0.9895,-0.149,18.6952,-5.951,-18.4758,C,bench,heavy,1
2019-01-14 13:29:39.400,-0.1976666666666666,0.9473333333333334,-0.1546666666666666,-1.9514,3.8538,5.0488,C,bench,heavy,7
2019-01-14 13:29:39.600,-0.1585,0.9625,-0.155,-25.7806,9.3292,21.5364,C,bench,heavy,1
2019-01-14 13:29:39.800,-0.071,0.8546666666666667,-0.0486666666666666,-33.1708,2.2196,32.634,C,bench,heavy,5
2019-01-14 13:29:40.000,-0.018,0.731,-0.067,8.5244,-5.0612,-4.3902,C,bench,heavy,2
2019-01-14 13:29:40.200,-0.032,1.0366666666666668,-0.0056666666666666,3.438999999999999,0.744,0.573,C,bench,heavy,7
2019-01-14 13:29:40.400,-0.017,0.9455,-0.014,7.1708,-3.2684,-3.378,C,bench,heavy,4
2019-01-14 13:29:40.600,-0.0396666666666666,0.8436666666666667,-0.0766666666666666,18.0124,-4.8658,-13.8536,C,bench,heavy,7
2019-01-14 13:29:40.800,-0.0955,0.8835,-0.1355,23.512,-7.6461999999999986,-17.0488,C,bench,heavy,5
2019-01-14 13:29:41.000,-0.1353333333333333,0.9296666666666668,-0.1653333333333333,2.8534,-7.9266,-2.6828,C,bench,heavy,4
2019-01-14 13:29:41.200,-0.124,0.936,-0.1605,-11.9878,-8.3414,17.622,C,bench,heavy,3
2019-01-14 13:29:41.400,-0.2026666666666666,1.327,-0.0853333333333333,-13.670600000000002,-8.8538,-4.7924,C,bench,heavy,3
2019-01-14 13:29:41.600,-0.1825,1.034,-0.024,27.5488,-0.2682000000000001,-22.9146,C,bench,heavy,2
2019-01-14 13:29:41.800,-0.2019999999999999,0.953,-0.1413333333333333,16.695,-1.2315999999999998,-1.9756,C,bench,heavy,5
2019-01-14 13:29:42.000,-0.212,0.9615,-0.185,-15.7928,2.6462,12.256,C,bench,heavy,3
2019-01-14 13:29:42.200,-0.1183333333333333,0.9203333333333332,-0.1376666666666667,-32.0,8.1098,34.6466,C,bench,heavy,3
2019-01-14 13:29:42.400,-0.035,0.694,-0.0985,-8.439,-0.8047999999999998,4.7928,C,bench,heavy,1
2019-01-14 13:29:42.600,-0.078,0.9786666666666668,-0.0663333333333333,4.2558,3.2194000000000003,-0.3293999999999998,C,bench,heavy,4
2019-01-14 13:29:42.800,-0.0515,0.9545,-0.0335,-0.3535999999999998,-0.4878,-0.5246000000000001,C,bench,heavy,7
2019-01-14 13:29:43.000,-0.021,0.9693333333333332,-0.026,-1.5854,-1.1464,0.0366,C,bench,heavy,5
2019-01-14 13:29:43.200,-0.0765,0.87,-0.0375,14.244,-1.6218,-15.8172,C,bench,heavy,4
2019-01-14 13:29:43.400,-0.0986666666666666,0.8416666666666667,-0.109,26.8294,-6.9756,-13.5244,C,bench,heavy,5
2019-01-14 13:29:43.600,-0.142,0.904,-0.2085,16.9392,-6.3294,-2.2316000000000003,C,bench,heavy,5
2019-01-14 13:29:43.800,-0.1743333333333333,0.984,-0.154,-15.268200000000002,-7.706999999999999,6.9758,C,bench,heavy,4
2019-01-14 13:29:44.000,-0.1455,1.1035,-0.124,-23.7804,-8.268600000000001,5.6584,C,bench,heavy,1
2019-01-14 13:29:44.200,-0.2103333333333333,1.176,-0.0723333333333333,13.7196,-4.5486,-9.4148,C,bench,heavy,5
2019-01-14 13:29:44.400,-0.173,0.979,-0.1139999999999999,21.7684,0.3291999999999998,-10.427,C,bench,heavy,1
2019-01-14 13:29:44.600,-0.235,0.9643333333333332,-0.1323333333333333,7.6708,-4.7438,-6.4146,C,bench,heavy,6
2019-01-14 13:29:44.800,-0.2,0.9555,-0.2155,-2.8538,6.927,7.4636,C,bench,heavy,5
2019-01-14 13:29:45.000,-0.1676666666666666,0.988,-0.1626666666666666,-27.0,5.9634,29.3658,C,bench,heavy,7
2019-01-14 13:29:45.200,-0.0615,0.8325,-0.073,-35.2806,9.2802,31.0,C,bench,heavy,2
2019-01-14 13:29:45.400,-0.0363333333333333,0.8283333333333333,-0.0623333333333333,4.2196,2.3414,-10.634,C,bench,heavy,5
2019-01-14 13:29:45.600,-0.0405,1.0085,0.0295,3.8172,0.0124,3.5732,C,bench,heavy,1
2019-01-14 13:29:45.800,-0.0176666666666666,0.9626666666666668,-0.004,3.9026,-1.6951999999999998,-0.4999999999999999,C,bench,heavy,1
2019-01-14 13:29:46.000,-0.036,0.9755,-0.0175,2.366,-3.0608,-3.5976,C,bench,heavy,7
2019-01-14 13:29:46.200,-0.054,0.934,-0.0343333333333333,5.3416,-3.5244,-5.2806,C,bench,heavy,2
2019-01-14 13:29:46.400,-0.0675,0.8365,-0.0839999999999999,18.3292,-4.7074,-13.866,C,bench,heavy,1
2019-01-14 13:29:46.600,-0.107,0.8833333333333333,-0.1333333333333333,26.4998,-7.207000000000001,-14.8904,C,bench,heavy,7
2019-01-14 13:29:46.800,-0.1205,0.896,-0.1725,17.3902,-8.9388,1.2926,C,bench,heavy,6
2019-01-14 13:29:47.000,-0.1723333333333333,0.9903333333333334,-0.163,-24.8782,-10.1218,11.0244,C,bench,heavy,5
2019-01-14 13:29:47.200,-0.2885,1.482,-0.1835,9.939,-7.4758,-6.5732,C,bench,heavy,5
2019-01-14 13:29:47.400,-0.1903333333333333,0.966,-0.1303333333333333,5.4024,-3.5856000000000003,-19.378,C,bench,heavy,4
2019-01-14 13:29:47.600,-0.2565,0.9175,-0.1305,-7.8782,10.4022,-2.2438,C,bench,heavy,6
2019-01-14 13:29:47.800,-0.206,0.9626666666666668,-0.158,-10.439,11.6342,14.366,C,bench,heavy,2
2019-01-14 13:29:48.000,-0.1195,0.9785,-0.118,-24.9756,4.2682,33.9268,C,bench,heavy,7
2019-01-14 13:29:48.200,-0.0446666666666666,0.8233333333333333,-0.0436666666666666,-23.2442,5.817,24.0488,C,bench,heavy,3
2019-01-14 13:29:48.400,-0.025,0.8775,-0.0265,4.7682,-3.1222000000000003,2.1708,C,bench,heavy,4
2019-01-14 13:29:48.600,0.0146666666666666,1.0083333333333333,0.0193333333333333,-0.0974,0.7440000000000003,-2.4878,C,bench,heavy,6
2019-01-14 13:29:48.800,0.0195,0.945,0.026,4.2074,-3.4512,-4.5974,C,bench,heavy,6
2019-01-14 13:29:49.000,-0.0193333333333333,0.984,0.0146666666666666,0.9268,-3.5490000000000004,-3.5122,C,bench,heavy,2
2019-01-14 13:29:49.200,-0.026,0.9615,0.0045,1.5852,-2.2318,-2.7438,C,bench,heavy,5
2019-01-14 13:29:49.400,-0.0483333333333333,0.9653333333333332,0.0206666666666666,2.4636,-2.5363999999999995,-3.622,C,bench,heavy,1
2019-01-14 13:29:49.600,-0.06,0.855,-0.052,14.3536,-5.2684,-11.3538,C,bench,heavy,7
2019-01-14 13:29:49.800,-0.1003333333333333,0.8676666666666666,-0.0903333333333333,26.7194,-4.5488,-19.0,C,bench,heavy,6
2019-01-14 13:29:50.000,-0.1345,0.921,-0.1495,15.0974,-9.183,-5.0488,C,bench,heavy,3
2019-01-14 13:29:50.200,-0.162,0.8943333333333333,-0.1273333333333333,-15.914600000000002,-7.5488,4.5488,C,bench,heavy,5
2019-01-14 13:29:50.400,-0.25,1.3935,-0.1025,4.122,-6.9146,10.8536,C,bench,heavy,7
2019-01-14 13:29:50.600,-0.2213333333333333,1.1036666666666666,-0.087,13.012200000000002,-4.2194,-23.5976,C,bench,heavy,7
2019-01-14 13:29:50.800,-0.217,0.89,-0.148,0.1952000000000001,7.6586,-7.0486,C,bench,heavy,6
2019-01-14 13:29:51.000,-0.2143333333333333,0.9253333333333332,-0.177,2.0363999999999995,5.3660000000000005,7.1708,C,bench,heavy,3
2019-01-14 13:29:51.200,-0.201,0.9615,-0.15,-7.9998,4.0002,14.366,C,bench,heavy,2
2019-01-14 13:29:51.400,-0.1123333333333333,0.9746666666666668,-0.151,-21.5612,3.256,26.536400000000004,C,bench,heavy,1
2019-01-14 13:29:51.600,-0.0605,0.915,-0.0285,-29.2682,4.1462,31.256,C,bench,heavy,5
2019-01-14 13:29:51.800,-0.0133333333333333,0.8526666666666666,-0.027,13.0852,-7.2316,2.4878,C,bench,heavy,5
2019-01-14 13:29:52.000,0.0365,1.015,0.002,8.305,-2.3538,1.4756,C,bench,heavy,6
2019-01-14 13:29:52.200,0.0443333333333333,0.977,-0.0333333333333333,10.38125,-4.10075,8.5825,C,bench,heavy,1
2019-01-14 13:32:11.800,-0.045,0.869,-0.041,2.0732,-3.183,-8.7562,C,bench,heavy,7
2019-01-14 13:32:12.000,-0.066,0.8885000000000001,-0.0424999999999999,9.5732,-2.5488,-18.927,C,bench,heavy,1
2019-01-14 13:32:12.200,-0.1349999999999999,0.9303333333333332,-0.084,10.8294,-5.0120000000000005,-21.1586,C,bench,heavy,1
2019-01-14 13:32:12.400,-0.2025,0.943,-0.114,10.0246,-9.8172,-6.9024,C,bench,heavy,4
2019-01-14 13:32:12.600,-0.2276666666666666,0.9446666666666668,-0.0979999999999999,-4.3536,-6.6586,-0.7684,C,bench,heavy,7
2019-01-14 13:32:12.800,-0.2145,0.9335,-0.086,-10.366,-8.219800000000001,7.792999999999999,C,bench,heavy,6
2019-01-14 13:32:13.000,-0.1943333333333333,0.9733333333333332,-0.0193333333333333,-19.1952,-12.4634,11.878,C,bench,heavy,2
2019-01-14 13:32:13.200,-0.29,1.443,0.0955,11.6342,4.1462,-20.9146,C,bench,heavy,2
2019-01-14 13:32:13.400,-0.2546666666666666,0.9936666666666666,0.0016666666666666,13.036599999999998,-1.7071999999999996,-7.4146,C,bench,heavy,4
2019-01-14 13:32:13.600,-0.258,0.9615,0.0025,-10.378,9.817,18.4266,C,bench,heavy,3
2019-01-14 13:32:13.800,-0.1116666666666666,0.8293333333333334,-0.0176666666666666,-7.5608,-12.1464,60.41459999999999,C,bench,heavy,6
2019-01-14 13:32:14.000,-0.05,0.7004999999999999,-0.073,2.7196,3.122,4.816800000000001,C,bench,heavy,4
2019-01-14 13:32:14.200,0.0036666666666666,1.030333333333333,-0.0336666666666666,5.744,2.6464000000000003,-1.0365999999999995,C,bench,heavy,6
2019-01-14 13:32:14.400,0.02,0.9135,-0.06,1.9634,0.0607999999999999,-4.0732,C,bench,heavy,1
2019-01-14 13:32:14.600,-0.018,0.9543333333333334,-0.031,4.244,-3.195,-6.5974,C,bench,heavy,3
2019-01-14 13:32:14.800,-0.058,0.853,-0.073,9.0732,-3.7806,-20.1952,C,bench,heavy,3
2019-01-14 13:32:15.000,-0.1206666666666666,0.8803333333333333,-0.098,7.426599999999999,0.6954,-25.4028,C,bench,heavy,2
2019-01-14 13:32:15.200,-0.1649999999999999,0.9055,-0.093,7.9512,-8.0488,-7.561,C,bench,heavy,3
2019-01-14 13:32:15.400,-0.2066666666666666,0.9676666666666668,-0.0853333333333333,-5.8292,-13.768199999999998,13.5488,C,bench,heavy,4
2019-01-14 13:32:15.600,-0.2305,1.213,-0.0285,-13.987799999999998,-11.9998,7.061,C,bench,heavy,6
2019-01-14 13:32:15.800,-0.247,1.2303333333333333,0.031,4.902200000000001,12.5854,-30.7806,C,bench,heavy,1
2019-01-14 13:32:16.000,-0.2595,0.974,-0.0385,5.6586,4.9144,7.256,C,bench,heavy,5
2019-01-14 13:32:16.200,-0.1883333333333333,0.916,-0.0263333333333333,-11.3536,1.6342,39.2928,C,bench,heavy,3
2019-01-14 13:32:16.400,-0.0545,0.78,0.0054999999999999,-19.0,0.9636000000000002,47.7806,C,bench,heavy,6
2019-01-14 13:32:16.600,0.0076666666666666,0.8373333333333334,-0.064,11.7072,-2.0366,-9.3782,C,bench,heavy,7
2019-01-14 13:32:16.800,0.0055,1.022,-0.0004999999999999,1.1218,2.7804,-1.3050000000000002,C,bench,heavy,2
2019-01-14 13:32:17.000,0.0106666666666666,0.9703333333333334,0.002,1.5486,-0.7926,-1.9024,C,bench,heavy,2
2019-01-14 13:32:17.200,-0.004,0.9665,0.006,-0.3779999999999999,-0.4025999999999999,-0.939,C,bench,heavy,4
2019-01-14 13:32:17.400,-0.0113333333333333,0.964,0.0119999999999999,1.5368,0.5485999999999999,-5.366,C,bench,heavy,6
2019-01-14 13:32:17.600,-0.0465,0.867,-0.0255,10.2194,0.1217999999999999,-20.5486,C,bench,heavy,6
2019-01-14 13:32:17.800,-0.1073333333333333,0.8656666666666667,-0.068,15.414600000000002,1.4389999999999998,-29.5366,C,bench,heavy,7
2019-01-14 13:32:18.000,-0.1845,0.904,-0.14,22.183,-16.5,-8.9026,C,bench,heavy,4
2019-01-14 13:32:18.200,-0.2166666666666666,0.9446666666666668,-0.125,2.2316000000000003,-13.1464,12.0854,C,bench,heavy,6
2019-01-14 13:32:18.400,-0.2145,1.097,-0.0955,-18.1222,-13.4026,10.2682,C,bench,heavy,1
2019-01-14 13:32:18.600,-0.2803333333333333,1.282,-0.0503333333333333,11.4268,1.0365999999999995,-22.0974,C,bench,heavy,5
2019-01-14 13:32:18.800,-0.2675,0.957,-0.0845,4.2318,5.5366,-2.5733999999999995,C,bench,heavy,2
2019-01-14 13:32:19.000,-0.2303333333333333,0.9396666666666668,-0.0763333333333333,-17.9148,14.0488,24.3414,C,bench,heavy,4
2019-01-14 13:32:19.200,-0.077,0.883,-0.094,-16.1708,0.2318000000000001,55.3294,C,bench,heavy,1
2019-01-14 13:32:19.400,-0.0133333333333333,0.7503333333333333,-0.0623333333333333,0.3780000000000001,-1.6949999999999998,6.2196,C,bench,heavy,4
2019-01-14 13:32:19.600,0.0289999999999999,1.0565,-0.0145,3.4024,-0.1951999999999999,0.9512000000000004,C,bench,heavy,6
2019-01-14 13:32:19.800,0.047,0.9533333333333333,-0.0226666666666666,-0.2682000000000001,0.2198000000000001,-2.1706,C,bench,heavy,4
2019-01-14 13:32:20.000,0.041,0.9925,-0.021,-0.8899999999999999,-0.9876,-4.3782,C,bench,heavy,6
2019-01-14 13:32:20.200,0.0053333333333333,0.975,-0.0083333333333333,0.4878,1.2926,-2.622,C,bench,heavy,2
2019-01-14 13:32:20.400,-0.0175,0.8594999999999999,-0.037,3.756,-0.7074,-20.3292,C,bench,heavy,1
2019-01-14 13:32:20.600,-0.086,0.8596666666666666,-0.0576666666666666,14.951,1.9634,-29.2562,C,bench,heavy,2
2019-01-14 13:32:20.800,-0.1684999999999999,0.8654999999999999,-0.0965,19.7928,-12.865800000000002,-15.816999999999998,C,bench,heavy,1
2019-01-14 13:32:21.000,-0.229,0.9463333333333334,-0.0973333333333333,-4.4756,-8.4392,6.8536,C,bench,heavy,5
2019-01-14 13:32:21.200,-0.2535,1.1545,-0.079,-5.6218,-11.2926,15.158599999999998,C,bench,heavy,6
2019-01-14 13:32:21.400,-0.2746666666666666,1.2963333333333331,-0.036,11.2804,5.2684,-27.4514,C,bench,heavy,2
2019-01-14 13:32:21.600,-0.2545,0.969,-0.092,0.0243999999999996,6.9148,4.1466,C,bench,heavy,2
2019-01-14 13:32:21.800,-0.1766666666666666,0.9250000000000002,-0.0973333333333333,-13.5,3.0488,41.622,C,bench,heavy,6
2019-01-14 13:32:22.000,-0.0455,0.7424999999999999,-0.07,-14.6706,-8.9146,39.6096,C,bench,heavy,6
2019-01-14 13:32:22.200,-0.014,0.8850000000000001,-0.0763333333333333,7.9756,-3.2804,-6.0486,C,bench,heavy,6
2019-01-14 13:32:22.400,-0.0029999999999999,0.9895,-0.054,-0.2682,0.1827999999999999,0.0607999999999997,C,bench,heavy,7
2019-01-14 13:32:22.600,0.0016666666666666,0.9596666666666668,-0.0263333333333333,-7.487599999999999,4.4756,-0.7806000000000001,C,bench,heavy,4
2019-01-14 13:32:22.800,-0.0104999999999999,0.969,-0.0255,2.3414,-2.439,1.5732,C,bench,heavy,1
2019-01-14 13:32:23.000,-0.0043333333333333,0.973,-0.0133333333333333,-0.5609999999999999,-0.988,-1.012,C,bench,heavy,3
2019-01-14 13:32:23.200,-0.0155,0.915,-0.0255,2.183,0.7318,-14.158600000000002,C,bench,heavy,7
2019-01-14 13:32:23.400,-0.0796666666666666,0.8603333333333333,-0.0569999999999999,11.7562,-0.5488000000000002,-31.7926,C,bench,heavy,1
2019-01-14 13:32:23.600,-0.1545,0.917,-0.0895,13.8172,-5.3536,-23.1342,C,bench,heavy,1
2019-01-14 13:32:23.800,-0.2306666666666666,0.9113333333333332,-0.0943333333333333,8.5978,-12.683,-1.5,C,bench,heavy,5
2019-01-14 13:32:24.000,-0.235,0.92,-0.093,-10.1462,-14.6828,19.2316,C,bench,heavy,5
2019-01-14 13:32:24.200,-0.2963333333333333,1.344,0.0136666666666666,-11.5854,1.0001999999999995,-5.8538,C,bench,heavy,4
2019-01-14 13:32:24.400,-0.257,1.026,-0.0209999999999999,5.622,11.0002,-29.012400000000003,C,bench,heavy,3
2019-01-14 13:32:24.600,-0.2833333333333334,0.919,-0.037,6.8536,2.6464000000000003,15.5364,C,bench,heavy,3
2019-01-14 13:32:24.800,-0.2175,0.9105,-0.056,-6.756,1.0002000000000002,37.9878,C,bench,heavy,6
2019-01-14 13:32:25.000,-0.076,0.8850000000000001,-0.0246666666666666,-17.171,-7.1464,46.683,C,bench,heavy,6
2019-01-14 13:32:25.200,-0.0235,0.751,-0.066,8.5,-2.9268,3.866,C,bench,heavy,3
2019-01-14 13:32:25.400,0.0323333333333333,1.014,-0.0116666666666666,9.7926,-2.3536,-0.1464,C,bench,heavy,1
2019-01-14 13:32:25.600,0.022,0.9435,-0.0675,5.6706,0.6222,-0.2923999999999999,C,bench,heavy,1
2019-01-14 13:32:25.800,0.029,0.9896666666666666,-0.0583333333333333,2.2316,0.2804,2.4024,C,bench,heavy,6
2019-01-14 13:32:26.000,0.044,0.9695,-0.0854999999999999,5.122,-3.5773333333333337,3.5773333333333333,C,bench,heavy,2
2019-01-14 13:51:27.600,0.0043333333333333,1.47,0.4796666666666667,22.3416,9.244,-23.7558,C,bench,heavy,1
2019-01-14 13:51:27.800,-0.206,1.2365,0.314,44.744,50.122,-85.03659999999999,C,bench,heavy,6
2019-01-14 13:51:28.000,-0.2193333333333333,0.7636666666666666,0.126,-73.5976,53.78060000000001,40.5366,C,bench,heavy,5
2019-01-14 13:51:28.200,-0.1114999999999999,0.4205,-0.002,22.6342,-20.5974,86.76820000000001,C,bench,heavy,6
2019-01-14 13:51:28.400,0.0083333333333333,0.848,0.1363333333333333,6.5732,-2.9268,2.8658,C,bench,heavy,5
2019-01-14 13:51:28.600,0.0185,0.9505,0.1065,0.2437999999999998,1.4025999999999998,-2.4758,C,bench,heavy,6
2019-01-14 13:51:28.800,0.013,0.9586666666666668,0.1266666666666666,10.061,-2.366,3.3902,C,bench,heavy,3
2019-01-14 13:51:29.000,0.0375,0.9605,0.0829999999999999,-2.2926,-6.292599999999999,-11.0244,C,bench,heavy,7
2019-01-14 13:51:29.200,-0.03,0.797,0.0413333333333333,2.1584000000000003,0.0243999999999998,-45.4148,C,bench,heavy,4
2019-01-14 13:51:29.400,-0.163,0.8454999999999999,0.107,4.1584,-1.1708,-39.7072,C,bench,heavy,5
2019-01-14 13:51:29.600,-0.2916666666666667,0.9043333333333332,0.1123333333333333,0.8413999999999998,-3.561,-11.0488,C,bench,heavy,1
2019-01-14 13:51:29.800,-0.346,0.9705,0.156,9.5854,-15.622,14.914600000000002,C,bench,heavy,7
2019-01-14 13:51:30.000,-0.2816666666666667,0.999,0.125,-1.2071999999999998,-26.256,27.2194,C,bench,heavy,1
2019-01-14 13:51:30.200,-0.14,1.003,0.1285,-17.3292,-33.9026,37.9636,C,bench,heavy,5
2019-01-14 13:51:30.400,-0.026,1.092666666666667,0.207,-4.2438,-18.4268,25.2684,C,bench,heavy,3
2019-01-14 13:51:30.600,0.045,0.969,0.1765,7.244,-3.4756,-3.0,C,bench,heavy,6
2019-01-14 13:51:30.800,0.023,1.008,0.186,-10.0366,-5.8658,-15.2684,C,bench,heavy,5
2019-01-14 13:51:31.000,-0.132,1.437,0.2535,37.9512,24.4876,-77.2562,C,bench,heavy,7
2019-01-14 13:51:31.200,-0.3116666666666667,1.0133333333333334,0.1333333333333333,-3.7804,39.2196,-24.9878,C,bench,heavy,4
2019-01-14 13:51:31.400,-0.2815,0.8255,0.066,-38.6952,26.1464,54.0,C,bench,heavy,2
2019-01-14 13:51:31.600,-0.086,0.5853333333333334,0.0176666666666666,-0.0609999999999999,-12.8416,70.0242,C,bench,heavy,3
2019-01-14 13:51:31.800,0.0045,0.932,0.1525,8.927,-1.5122,-8.4756,C,bench,heavy,2
2019-01-14 13:51:32.000,-0.0196666666666666,0.95,0.1173333333333333,5.9756,-0.3416000000000001,-4.1952,C,bench,heavy,1
2019-01-14 13:51:32.200,-0.0465,0.962,0.0995,6.1708,-11.4026,-16.3902,C,bench,heavy,6
2019-01-14 13:51:32.400,-0.0913333333333333,0.8153333333333332,0.0236666666666666,12.3658,-7.5854,-39.0,C,bench,heavy,6
2019-01-14 13:51:32.600,-0.1875,0.8674999999999999,0.0205,22.1704,-3.8414,-23.4512,C,bench,heavy,1
2019-01-14 13:51:32.800,-0.2789999999999999,0.8793333333333333,0.0043333333333333,-8.7072,-7.439,-14.2558,C,bench,heavy,4
2019-01-14 13:51:33.000,-0.304,0.9595,0.002,-0.6584000000000001,-26.195,15.878,C,bench,heavy,1
2019-01-14 13:51:33.200,-0.2673333333333333,1.0206666666666666,0.0786666666666666,-8.878,-26.256,37.3902,C,bench,heavy,1
2019-01-14 13:51:33.400,-0.1205,1.027,0.11,-22.5366,-17.5122,43.3414,C,bench,heavy,6
2019-01-14 13:51:33.600,-0.0146666666666666,1.1343333333333334,0.2013333333333333,-8.878,-3.1462,4.1462,C,bench,heavy,7
2019-01-14 13:51:33.800,0.0305,0.907,0.18,6.0486,-6.4756,0.2805999999999999,C,bench,heavy,1
2019-01-14 13:51:34.000,0.008,1.0736666666666668,0.2183333333333333,-8.817,-9.6708,-17.0732,C,bench,heavy,5
2019-01-14 13:51:34.200,-0.1745,1.404,0.2595,31.8902,24.5244,-79.60979999999999,C,bench,heavy,6
2019-01-14 13:51:34.400,-0.3066666666666666,0.913,0.119,5.573,41.0974,-16.122,C,bench,heavy,5
2019-01-14 13:51:34.600,-0.2905,0.787,0.081,-35.1098,40.488,46.9144,C,bench,heavy,7
2019-01-14 13:51:34.800,-0.108,0.703,0.0416666666666666,-10.9268,-1.3292,80.7438,C,bench,heavy,7
2019-01-14 13:51:35.000,-0.024,0.819,0.0695,14.8292,-4.9024,-9.0728,C,bench,heavy,5
2019-01-14 13:51:35.200,0.0016666666666666,0.997,0.1146666666666666,6.3536,0.4999999999999996,-0.0365999999999999,C,bench,heavy,5
2019-01-14 13:51:35.400,0.0095,0.9765,0.037,8.122,-13.8048,-5.366,C,bench,heavy,4
2019-01-14 13:51:35.600,-0.0633333333333333,0.862,0.0163333333333333,-6.719800000000001,-8.122,-35.0244,C,bench,heavy,4
2019-01-14 13:51:35.800,-0.126,0.7865,0.0305,21.5608,-1.6220000000000003,-39.9026,C,bench,heavy,6
2019-01-14 13:51:36.000,-0.2673333333333333,0.8956666666666667,-0.009,2.6952,-4.805,-21.0244,C,bench,heavy,1
2019-01-14 13:51:36.200,-0.2925,0.8925000000000001,-0.0295,3.1584000000000003,-10.8658,3.0242,C,bench,heavy,5
2019-01-14 13:51:36.400,-0.2836666666666667,0.9803333333333332,0.017,-0.5610000000000003,-38.9878,41.1462,C,bench,heavy,6
2019-01-14 13:51:36.600,-0.1694999999999999,1.0535,0.068,-24.5486,-31.9754,49.9758,C,bench,heavy,3
2019-01-14 13:51:36.800,-0.0236666666666666,1.1383333333333334,0.2106666666666666,-38.7438,-14.1588,20.6096,C,bench,heavy,2
2019-01-14 13:51:37.000,0.0685,0.9605,0.241,6.304799999999999,-4.1342,-1.0488,C,bench,heavy,2
2019-01-14 13:51:37.200,0.054,0.894,0.2673333333333333,-11.8048,-0.744,1.3168,C,bench,heavy,3
2019-01-14 13:51:37.400,0.0405,1.2614999999999998,0.376,18.756,-1.6222,-36.7928,C,bench,heavy,4
2019-01-14 13:51:37.600,-0.1523333333333333,1.1423333333333334,0.2413333333333333,52.7562,46.744,-59.1586,C,bench,heavy,3
2019-01-14 13:51:37.800,-0.2655,0.887,0.0715,-18.2806,44.7196,-7.4148,C,bench,heavy,6
2019-01-14 13:51:38.000,-0.2203333333333333,0.8809999999999999,0.028,-8.1708,22.3536,43.256,C,bench,heavy,1
2019-01-14 13:51:38.200,-0.0829999999999999,0.7525,0.0549999999999999,-6.6586,-7.3904,67.9146,C,bench,heavy,4
2019-01-14 13:51:38.400,-0.0066666666666666,0.8203333333333335,-0.0136666666666666,1.6949999999999998,0.1344000000000001,-3.061,C,bench,heavy,2
2019-01-14 13:51:38.600,0.0405,0.9805,0.0405,-1.1586,-3.1096,-5.561000000000001,C,bench,heavy,7
2019-01-14 13:51:38.800,0.014,0.9666666666666668,0.095,-8.183,4.5488,-2.8904000000000005,C,bench,heavy,4
2019-01-14 13:51:39.000,-0.003,0.937,0.0885,-0.671,-2.7928,-13.9268,C,bench,heavy,7
2019-01-14 13:51:39.200,-0.0763333333333333,0.8216666666666667,0.079,-2.6097999999999995,-7.0366,-48.5366,C,bench,heavy,2
2019-01-14 13:51:39.400,-0.207,0.8585,0.078,23.1708,-0.8048,-39.878,C,bench,heavy,5
2019-01-14 13:51:39.600,-0.3603333333333333,0.9073333333333332,0.0349999999999999,8.378,-6.9268,-16.3294,C,bench,heavy,4
2019-01-14 13:51:39.800,-0.3705,0.851,0.039,-6.6342,-13.561000000000002,2.6340000000000003,C,bench,heavy,2
2019-01-14 13:51:40.000,-0.3406666666666667,0.926,0.0999999999999999,-1.9634,-31.049,42.2682,C,bench,heavy,5
2019-01-14 13:51:40.200,-0.222,0.989,0.1644999999999999,-9.0976,-37.2314,47.183,C,bench,heavy,3
2019-01-14 13:51:40.400,-0.077,1.1696666666666666,0.236,-11.573,-9.8416,20.8048,C,bench,heavy,1
2019-01-14 13:51:40.600,0.0055,0.959,0.1785,15.243799999999998,-7.9024,-4.5122,C,bench,heavy,4
2019-01-14 13:51:40.800,-0.0046666666666666,0.9383333333333334,0.1616666666666666,-10.0366,-3.3904,1.2193999999999998,C,bench,heavy,1
2019-01-14 13:51:41.000,0.005,1.029,0.1915,5.1832,-5.9392000000000005,-20.2928,C,bench,heavy,4
2019-01-14 13:51:41.200,-0.2046666666666667,1.2756666666666667,0.2386666666666666,6.255999999999999,39.1342,-87.0488,C,bench,heavy,5
2019-01-14 13:51:41.400,-0.3834999999999999,0.8525,0.131,3.6584,47.4392,-25.1584,C,bench,heavy,5
2019-01-14 13:51:41.600,-0.4136666666666667,0.7933333333333333,0.0356666666666666,0.1950000000000002,20.9878,33.7684,C,bench,heavy,1
2019-01-14 13:51:41.800,-0.2965,0.889,0.0515,-7.5608,-0.4878,73.5488,C,bench,heavy,1
2019-01-14 13:51:42.000,-0.054,0.7160000000000001,-0.0266666666666666,6.7074,0.7073999999999998,61.378,C,bench,heavy,5
2019-01-14 13:51:42.200,0.0284999999999999,0.952,0.0105,2.8294,-2.2438,-7.9268,C,bench,heavy,5
2019-01-14 13:51:42.400,0.043,0.9783333333333334,-0.0073333333333333,1.5854,-1.573,2.8172,C,bench,heavy,2
2019-01-14 13:51:42.600,0.047,0.97,0.0085,-6.1462,-4.8904,-15.9026,C,bench,heavy,7
2019-01-14 13:51:42.800,-0.0169999999999999,0.85,-0.0126666666666666,3.183,-11.3902,-39.4878,C,bench,heavy,3
2019-01-14 13:51:43.000,-0.122,0.819,-0.0185,14.865800000000002,-6.9146,-38.6706,C,bench,heavy,2
2019-01-14 13:51:43.200,-0.2343333333333333,0.8370000000000001,-0.029,-2.1098,-16.988,-17.6708,C,bench,heavy,2
2019-01-14 13:51:43.400,-0.2465,0.8674999999999999,0.053,-9.732,-51.7804,35.1708,C,bench,heavy,3
2019-01-14 13:51:43.600,-0.1376666666666666,1.1283333333333332,0.145,0.8047999999999998,-42.4148,84.5974,C,bench,heavy,3
2019-01-14 13:51:43.800,0.1485,1.2905,0.126,-7.8048,-16.4756,17.7806,C,bench,heavy,4
2019-01-14 13:51:44.000,0.182,0.942,0.0986666666666666,5.7194,-17.6954,-3.4022,C,bench,heavy,3
2019-01-14 13:51:44.200,0.1905,0.9805,0.1154999999999999,-4.7686,-15.3416,2.561,C,bench,heavy,6
2019-01-14 13:51:44.400,0.2303333333333333,0.9233333333333332,0.0966666666666666,-2.9266,-13.5244,10.122,C,bench,heavy,2
2019-01-14 13:51:44.600,0.161,0.9615,0.135,-26.0852,21.1222,-8.1464,C,bench,heavy,5
2019-01-14 13:51:44.800,0.0246666666666666,0.9816666666666666,0.1403333333333333,1.9144,-0.1217999999999999,-6.475399999999999,C,bench,heavy,5
2019-01-14 13:54:34.800,-0.0584999999999999,1.412,0.6025,-0.2440000000000001,10.3902,-22.8172,C,ohp,heavy,4
2019-01-14 13:54:35.000,-0.202,1.1803333333333332,0.4356666666666666,39.3416,60.0244,-85.0976,C,ohp,heavy,2
2019-01-14 13:54:35.200,-0.2975,0.6405000000000001,0.1995,-16.1586,38.1828,22.183,C,ohp,heavy,6
2019-01-14 13:54:35.400,-0.2323333333333333,0.7596666666666666,0.1576666666666666,-1.6829999999999998,5.7682,75.46340000000001,C,ohp,heavy,7
2019-01-14 13:54:35.600,-0.0815,0.5135,0.0284999999999999,16.4024,-5.8048,27.0122,C,ohp,heavy,3
2019-01-14 13:54:35.800,-0.0473333333333333,1.0396666666666663,0.124,1.622,-4.183199999999999,0.1953999999999995,C,ohp,heavy,2
2019-01-14 13:54:36.000,-0.071,0.889,0.1025,0.134,-0.7806,-7.5854,C,ohp,heavy,6
2019-01-14 13:54:36.200,-0.089,0.9499999999999998,0.121,6.2804,-7.4024,-8.5244,C,ohp,heavy,3
2019-01-14 13:54:36.400,-0.131,0.844,0.0839999999999999,8.5976,-11.8658,-35.5732,C,ohp,heavy,5
2019-01-14 13:54:36.600,-0.2196666666666666,0.8526666666666666,0.019,19.7684,-12.8292,-27.7074,C,ohp,heavy,1
2019-01-14 13:54:36.800,-0.319,0.912,0.06,-7.122,-14.366,-13.6464,C,ohp,heavy,3
2019-01-14 13:54:37.000,-0.3233333333333333,0.8543333333333333,0.0803333333333333,-8.5002,-14.4998,-1.3656,C,ohp,heavy,3
2019-01-14 13:54:37.200,-0.355,0.9505,0.181,7.7926,-16.4876,21.305,C,ohp,heavy,7
2019-01-14 13:54:37.400,-0.258,0.987,0.1413333333333333,-4.256,-22.817,24.939,C,ohp,heavy,6
2019-01-14 13:54:37.600,-0.156,1.022,0.195,-26.8534,-15.5124,36.5366,C,ohp,heavy,6
2019-01-14 13:54:37.800,-0.0563333333333333,1.0646666666666669,0.2493333333333333,5.6094,-5.427,21.7684,C,ohp,heavy,3
2019-01-14 13:54:38.000,-0.0015,0.9185,0.21,12.0608,-11.3536,-4.219800000000001,C,ohp,heavy,5
2019-01-14 13:54:38.200,-0.1246666666666666,1.38,0.2303333333333333,43.2684,1.561,-68.951,C,ohp,heavy,7
2019-01-14 13:54:38.400,-0.2765,1.0305,0.1035,6.3048,33.866,-48.5974,C,ohp,heavy,6
2019-01-14 13:54:38.600,-0.285,0.8456666666666667,-0.0096666666666666,-35.878,36.0,31.122000000000003,C,ohp,heavy,5
2019-01-14 13:54:38.800,-0.146,0.6665000000000001,0.048,-11.7926,17.805,76.4026,C,ohp,heavy,4
2019-01-14 13:54:39.000,-0.0856666666666666,0.7833333333333333,-0.006,3.8782,-2.0122,-2.244,C,ohp,heavy,6
2019-01-14 13:54:39.200,-0.066,0.959,0.0575,2.9148,0.9756,-2.2562,C,ohp,heavy,1
2019-01-14 13:54:39.400,-0.094,0.9416666666666668,0.0723333333333333,-7.7684,-4.244,-19.5242,C,ohp,heavy,3
2019-01-14 13:54:39.600,-0.1405,0.8089999999999999,0.026,2.6708,-6.183199999999999,-44.3172,C,ohp,heavy,1
2019-01-14 13:54:39.800,-0.2646666666666666,0.855,0.0763333333333333,16.6464,-9.5366,-30.5246,C,ohp,heavy,6
2019-01-14 13:54:40.000,-0.367,0.8300000000000001,0.0335,0.8536000000000005,-5.8172,-14.061000000000002,C,ohp,heavy,1
2019-01-14 13:54:40.200,-0.4096666666666667,0.8823333333333334,0.0876666666666666,-4.7682,-10.2072,8.439,C,ohp,heavy,7
2019-01-14 13:54:40.400,-0.401,0.9545,0.1465,-14.5,-0.2439999999999997,31.073,C,ohp,heavy,5
2019-01-14 13:54:40.600,-0.2693333333333333,1.021,0.1626666666666666,-13.524599999999998,-29.3902,46.927,C,ohp,heavy,4
2019-01-14 13:54:40.800,-0.128,1.044,0.2304999999999999,-14.6584,-34.2318,34.6098,C,ohp,heavy,5
2019-01-14 13:54:41.000,-0.0556666666666666,1.217,0.3123333333333333,15.0488,-10.183,-34.8414,C,ohp,heavy,7
2019-01-14 13:54:41.200,-0.212,1.2225,0.209,46.939,11.1952,-79.7072,C,ohp,heavy,5
2019-01-14 13:54:41.400,-0.3429999999999999,0.8443333333333333,0.075,-6.4146,45.9146,-16.9878,C,ohp,heavy,2
2019-01-14 13:54:41.600,-0.365,0.8365,-0.013,-35.0608,17.7806,36.5246,C,ohp,heavy,4
2019-01-14 13:54:41.800,-0.1953333333333333,0.7543333333333333,0.0466666666666666,-22.012,18.5976,71.99980000000001,C,ohp,heavy,3
2019-01-14 13:54:42.000,-0.1175,0.748,0.0625,6.317,-1.9756,-7.6706,C,ohp,heavy,1
2019-01-14 13:54:42.200,-0.1233333333333333,0.9923333333333332,0.156,4.3658,3.2926,-1.1342000000000003,C,ohp,heavy,4
2019-01-14 13:54:42.400,-0.1335,0.941,0.1325,6.194999999999999,-9.7076,-7.756,C,ohp,heavy,4
2019-01-14 13:54:42.600,-0.165,0.8183333333333334,0.0803333333333333,1.8656,-14.0244,-33.817,C,ohp,heavy,4
2019-01-14 13:54:42.800,-0.2375,0.8075,0.067,21.0608,-14.2804,-35.9634,C,ohp,heavy,2
2019-01-14 13:54:43.000,-0.342,0.87,0.0186666666666666,19.0974,-18.6586,-7.366,C,ohp,heavy,5
2019-01-14 13:54:43.200,-0.38,0.8674999999999999,0.027,-10.0488,-22.9754,12.7438,C,ohp,heavy,1
2019-01-14 13:54:43.400,-0.291,0.975,0.1096666666666666,-1.0122,-39.7074,58.35360000000001,C,ohp,heavy,3
2019-01-14 13:54:43.600,-0.1134999999999999,1.0295,0.21,-45.3538,-20.4268,56.54880000000001,C,ohp,heavy,2
2019-01-14 13:54:43.800,0.0813333333333333,1.1353333333333333,0.329,-1.2805999999999995,-10.8906,21.6342,C,ohp,heavy,7
2019-01-14 13:54:44.000,0.1285,0.922,0.252,20.1096,-10.8656,-13.536600000000002,C,ohp,heavy,6
2019-01-14 13:54:44.200,0.0513333333333333,1.2003333333333333,0.2813333333333334,1.8656000000000008,-6.8536,-50.1706,C,ohp,heavy,3
2019-01-14 13:54:44.400,-0.195,1.163,0.1965,26.3536,40.3172,-85.13419999999999,C,ohp,heavy,6
2019-01-14 13:54:44.600,-0.3246666666666666,0.8436666666666666,0.1316666666666666,-25.4754,51.0366,-13.89,C,ohp,heavy,1
2019-01-14 13:54:44.800,-0.357,0.8035,0.1025,-32.6828,38.3296,30.988,C,ohp,heavy,4
2019-01-14 13:54:45.000,-0.238,0.8083333333333332,0.1109999999999999,22.9758,-4.2438,76.4514,C,ohp,heavy,3
2019-01-14 13:54:45.200,-0.1149999999999999,0.665,-0.0435,16.3048,-2.061,19.7194,C,ohp,heavy,2
2019-01-14 13:54:45.400,-0.0513333333333333,1.006,0.0333333333333333,-4.2196,0.7926000000000004,2.7316,C,ohp,heavy,3
2019-01-14 13:54:45.600,-0.041,0.968,0.0235,-3.0244,-3.7194,-8.8778,C,ohp,heavy,2
2019-01-14 13:54:45.800,-0.0806666666666666,0.9116666666666666,0.0216666666666666,12.561,-20.2684,-22.2808,C,ohp,heavy,5
2019-01-14 13:54:46.000,-0.1215,0.8815,0.0124999999999999,7.2682,-10.622,-35.3658,C,ohp,heavy,6
2019-01-14 13:54:46.200,-0.2343333333333333,0.8063333333333333,-0.0436666666666666,10.8414,-6.2074,-30.5368,C,ohp,heavy,5
2019-01-14 13:54:46.400,-0.366,0.8714999999999999,-0.036,6.7194,-15.231799999999998,-9.6098,C,ohp,heavy,7
2019-01-14 13:54:46.600,-0.3773333333333333,0.924,-0.009,-13.2196,-32.2438,31.8538,C,ohp,heavy,4
2019-01-14 13:54:46.800,-0.264,0.9975,0.0935,-19.0486,-33.7314,46.8292,C,ohp,heavy,1
2019-01-14 13:54:47.000,-0.0773333333333333,1.0759999999999998,0.1763333333333333,-16.9022,-24.3416,50.9512,C,ohp,heavy,1
2019-01-14 13:54:47.200,0.0435,1.0945,0.26,-20.4632,-0.2562,7.2926,C,ohp,heavy,5
2019-01-14 13:54:47.400,0.0816666666666666,0.9323333333333332,0.2803333333333333,-8.7926,-3.5367999999999995,-0.2682,C,ohp,heavy,2
2019-01-14 13:54:47.600,0.0829999999999999,0.889,0.299,-2.3292,-9.8536,-0.6220000000000002,C,ohp,heavy,1
2019-01-14 13:54:47.800,0.0096666666666666,1.2583333333333333,0.401,46.0366,19.7074,-79.2074,C,ohp,heavy,3
2019-01-14 13:54:48.000,-0.248,0.9615,0.172,38.939,46.7074,-61.80500000000001,C,ohp,heavy,3
2019-01-14 13:54:48.200,-0.353,0.8903333333333333,-0.0016666666666666,-21.2926,36.9878,0.5,C,ohp,heavy,4
2019-01-14 13:54:48.400,-0.346,0.876,0.0235,-28.3534,17.6584,42.1342,C,ohp,heavy,5
2019-01-14 13:54:48.600,-0.1636666666666666,0.7336666666666667,-0.0066666666666666,7.4878,8.1952,71.939,C,ohp,heavy,1
2019-01-14 13:54:48.800,-0.119,0.829,-0.023,2.8292,-5.866,-7.317,C,ohp,heavy,4
2019-01-14 13:54:49.000,-0.0516666666666666,0.9833333333333334,0.0203333333333333,-0.6586000000000003,-1.9394,-2.0246000000000004,C,ohp,heavy,5
2019-01-14 13:54:49.200,-0.1005,0.939,0.0069999999999999,-1.7195999999999998,-18.4144,-24.7562,C,ohp,heavy,3
2019-01-14 13:54:49.400,-0.1646666666666666,0.789,0.034,-12.9756,-9.8048,-52.3292,C,ohp,heavy,3
2019-01-14 13:54:49.600,-0.322,0.8005,0.0465,11.049,-19.2316,-33.756,C,ohp,heavy,4
2019-01-14 13:54:49.800,-0.3946666666666666,0.8113333333333334,0.0616666666666666,12.6586,-23.6706,-12.1338,C,ohp,heavy,6
2019-01-14 13:54:50.000,-0.4,0.9205,0.1169999999999999,27.3414,-40.7318,53.9024,C,ohp,heavy,5
2019-01-14 13:54:50.200,-0.227,1.1033333333333335,0.0943333333333333,8.195,-35.2438,86.817,C,ohp,heavy,6
2019-01-14 13:54:50.400,0.0365,1.2575,0.012,-11.50925,-11.616,12.424,C,ohp,heavy,5
2019-01-14 13:57:27.200,0.0185,1.1485,0.403,10.1464,-12.4146,6.988000000000001,C,ohp,heavy,5
2019-01-14 13:57:27.400,0.0005,1.569,0.5409999999999999,27.2072,18.122,-54.9388,C,ohp,heavy,1
2019-01-14 13:57:27.600,-0.2319999999999999,1.018333333333333,0.241,21.207600000000003,54.39020000000001,-88.5,C,ohp,heavy,3
2019-01-14 13:57:27.800,-0.334,0.7335,0.096,-62.99980000000001,41.378,49.8658,C,ohp,heavy,2
2019-01-14 13:57:28.000,-0.17,0.5773333333333334,0.0463333333333333,26.622000000000003,-11.7928,85.122,C,ohp,heavy,6
2019-01-14 13:57:28.200,-0.092,0.843,0.0564999999999999,5.2074,-0.0243999999999999,5.292800000000001,C,ohp,heavy,1
2019-01-14 13:57:28.400,-0.0513333333333333,0.9556666666666668,0.136,-14.3048,5.2074,-7.9268,C,ohp,heavy,6
2019-01-14 13:57:28.600,-0.083,0.9775,0.1735,-0.5856000000000001,1.3782,-5.3414,C,ohp,heavy,1
2019-01-14 13:57:28.800,-0.108,0.9223333333333332,0.1566666666666666,10.5122,-5.1342,-7.9756,C,ohp,heavy,3
2019-01-14 13:57:29.000,-0.156,0.8354999999999999,0.103,10.3658,-7.256,-39.549,C,ohp,heavy,2
2019-01-14 13:57:29.200,-0.2503333333333333,0.8473333333333333,0.0363333333333333,18.5126,-10.0244,-29.1098,C,ohp,heavy,1
2019-01-14 13:57:29.400,-0.317,0.8160000000000001,0.032,4.6338,-16.6828,-13.5976,C,ohp,heavy,1
2019-01-14 13:57:29.600,-0.369,0.8813333333333334,0.104,-2.8412,-16.061,6.7074,C,ohp,heavy,4
2019-01-14 13:57:29.800,-0.37,0.986,0.123,-0.3658000000000001,-24.866,42.9026,C,ohp,heavy,4
2019-01-14 13:57:30.000,-0.1906666666666666,1.0163333333333335,0.1733333333333333,-20.2438,-22.2806,44.756,C,ohp,heavy,7
2019-01-14 13:57:30.200,-0.03,1.0405,0.2425,-6.744,-16.8294,31.8782,C,ohp,heavy,4
2019-01-14 13:57:30.400,0.0466666666666666,1.0573333333333332,0.2196666666666666,18.3416,-13.036599999999998,3.2318,C,ohp,heavy,6
2019-01-14 13:57:30.600,0.052,0.9475,0.1515,-9.7804,-9.1218,-16.2438,C,ohp,heavy,5
2019-01-14 13:57:30.800,-0.124,1.4216666666666666,0.2276666666666666,39.256,12.1218,-87.73179999999999,C,ohp,heavy,6
2019-01-14 13:57:31.000,-0.2724999999999999,0.9135,0.155,-2.3048,39.6344,-23.4512,C,ohp,heavy,4
2019-01-14 13:57:31.200,-0.245,0.795,0.043,-42.8292,47.0852,36.4634,C,ohp,heavy,2
2019-01-14 13:57:31.400,-0.104,0.6859999999999999,0.0235,-10.2438,14.1828,59.04880000000001,C,ohp,heavy,5
2019-01-14 13:57:31.600,-0.1226666666666666,0.828,0.0903333333333333,5.5976,-2.3904,-6.622200000000001,C,ohp,heavy,2
2019-01-14 13:57:31.800,-0.1075,0.936,0.1205,8.8414,7.5732,3.4268,C,ohp,heavy,4
2019-01-14 13:57:32.000,-0.1013333333333333,0.975,0.0683333333333333,9.7194,-13.938999999999998,-1.7193999999999998,C,ohp,heavy,5
2019-01-14 13:57:32.200,-0.137,0.9005,0.0375,-6.3902,-14.1584,-27.8048,C,ohp,heavy,1
2019-01-14 13:57:32.400,-0.181,0.7519999999999999,0.0386666666666666,12.2926,-10.0124,-50.8294,C,ohp,heavy,5
2019-01-14 13:57:32.600,-0.3255,0.8765000000000001,0.067,7.4754,-20.0122,-24.3048,C,ohp,heavy,7
2019-01-14 13:57:32.800,-0.4143333333333333,0.8843333333333333,0.0756666666666666,4.9268,-15.0976,7.4512,C,ohp,heavy,6
2019-01-14 13:57:33.000,-0.38,0.9295,0.1065,-3.6342,-21.256,36.1584,C,ohp,heavy,5
2019-01-14 13:57:33.200,-0.2513333333333333,0.9933333333333332,0.1766666666666666,-25.4512,-25.731600000000004,41.9878,C,ohp,heavy,4
2019-01-14 13:57:33.400,-0.1149999999999999,1.082,0.2775,-38.1462,-4.6218,39.7924,C,ohp,heavy,4
2019-01-14 13:57:33.600,-0.0216666666666666,1.0163333333333333,0.341,22.4758,-5.378,0.1095999999999999,C,ohp,heavy,1
2019-01-14 13:57:33.800,-0.009,0.872,0.291,3.6952,-6.6708,0.7073999999999998,C,ohp,heavy,1
2019-01-14 13:57:34.000,-0.0186666666666666,1.2003333333333333,0.2926666666666667,20.8536,-27.0366,-32.7072,C,ohp,heavy,7
2019-01-14 13:57:34.200,-0.224,1.2360000000000002,0.218,24.5854,5.134399999999999,-77.7684,C,ohp,heavy,6
2019-01-14 13:57:34.400,-0.2669999999999999,0.8053333333333333,0.1643333333333333,-9.1464,66.9758,-9.5488,C,ohp,heavy,3
2019-01-14 13:57:34.600,-0.3425,0.8405,0.067,-29.0732,27.7194,25.7318,C,ohp,heavy,1
2019-01-14 13:57:34.800,-0.2106666666666666,0.7876666666666666,0.074,-11.3782,4.6708,64.2806,C,ohp,heavy,2
2019-01-14 13:57:35.000,-0.1385,0.7370000000000001,0.0625,7.6098,-1.354,3.5608000000000004,C,ohp,heavy,3
2019-01-14 13:57:35.200,-0.1149999999999999,0.988,0.127,0.1706,-7.0122,-4.1828,C,ohp,heavy,5
2019-01-14 13:57:35.400,-0.1129999999999999,0.9425,0.1295,3.5366,1.1342,-0.6708000000000001,C,ohp,heavy,1
2019-01-14 13:57:35.600,-0.136,0.946,0.108,2.378,-1.7438000000000002,-6.1952,C,ohp,heavy,1
2019-01-14 13:57:35.800,-0.1714999999999999,0.821,0.0995,-6.0856,-10.5854,-38.2072,C,ohp,heavy,1
2019-01-14 13:57:36.000,-0.2536666666666666,0.8213333333333334,0.09,16.2072,-0.2928,-38.4632,C,ohp,heavy,7
2019-01-14 13:57:36.200,-0.394,0.8614999999999999,0.0705,14.4144,-16.9998,-22.3902,C,ohp,heavy,1
2019-01-14 13:57:36.400,-0.4456666666666666,0.8330000000000001,0.0486666666666666,10.2806,-16.3294,11.0244,C,ohp,heavy,6
2019-01-14 13:57:36.600,-0.3765,0.8845000000000001,0.093,-9.5612,-32.1222,42.8536,C,ohp,heavy,2
2019-01-14 13:57:36.800,-0.233,0.9893333333333332,0.212,-25.2686,-15.438999999999998,58.51219999999999,C,ohp,heavy,3
2019-01-14 13:57:37.000,-0.0424999999999999,1.0790000000000002,0.278,-33.4878,-5.5122,49.1586,C,ohp,heavy,3
2019-01-14 13:57:37.200,0.0616666666666666,1.034,0.373,4.0856,-5.061,-3.634,C,ohp,heavy,3
2019-01-14 13:57:37.400,0.0834999999999999,0.8995,0.3395,17.744,-20.622,-11.6462,C,ohp,heavy,2
2019-01-14 13:57:37.600,-0.0816666666666666,1.3116666666666663,0.293,57.75599999999999,13.573399999999998,-88.29260000000001,C,ohp,heavy,3
2019-01-14 13:57:37.800,-0.249,0.9015,0.154,10.670799999999998,31.5974,-39.4756,C,ohp,heavy,3
2019-01-14 13:57:38.000,-0.314,0.8436666666666666,0.002,-21.939,34.488,1.6342,C,ohp,heavy,1
2019-01-14 13:57:38.200,-0.3175,0.892,0.0515,-21.817,24.744,34.3902,C,ohp,heavy,7
2019-01-14 13:57:38.400,-0.1733333333333333,0.7723333333333334,0.015,4.4026,13.6952,69.0732,C,ohp,heavy,1
2019-01-14 13:57:38.600,-0.125,0.8185,-0.042,1.8902,-8.2438,-6.8658,C,ohp,heavy,6
2019-01-14 13:57:38.800,-0.0583333333333333,0.984,0.0556666666666666,-4.805,-1.6217999999999997,-2.4148,C,ohp,heavy,3
2019-01-14 13:57:39.000,-0.0915,0.97,0.0915,-3.9512,1.4024,-7.1098,C,ohp,heavy,4
2019-01-14 13:57:39.200,-0.1133333333333333,0.9653333333333332,0.0783333333333333,8.9878,-6.0854,0.5975999999999999,C,ohp,heavy,1
2019-01-14 13:57:39.400,-0.122,0.9445,0.051,-2.5976,-4.6342,-8.8536,C,ohp,heavy,2
2019-01-14 13:57:39.600,-0.17,0.8743333333333334,0.0526666666666666,-4.3292,-5.6218,-34.8414,C,ohp,heavy,5
2019-01-14 13:57:39.800,-0.2615,0.8685,0.079,4.8782,-7.7074,-35.7928,C,ohp,heavy,6
2019-01-14 13:57:40.000,-0.361,0.844,0.053,10.8536,-9.6828,-22.6342,C,ohp,heavy,6
2019-01-14 13:57:40.200,-0.4175,0.8180000000000001,0.037,8.1584,-13.024200000000002,-7.756399999999999,C,ohp,heavy,6
2019-01-14 13:57:40.400,-0.4186666666666667,0.8326666666666668,0.054,1.4268,-20.744,20.305,C,ohp,heavy,5
2019-01-14 13:57:40.600,-0.3675,0.951,0.139,-22.2562,-29.6098,49.5854,C,ohp,heavy,3
2019-01-14 13:57:40.800,-0.1626666666666666,1.011,0.2436666666666666,-19.6462,-31.5976,59.6952,C,ohp,heavy,4
2019-01-14 13:57:41.000,-0.0025,1.077,0.3765,-27.8538,-12.2318,27.4756,C,ohp,heavy,2
2019-01-14 13:57:41.200,0.0833333333333333,1.031,0.3476666666666666,40.7196,-16.2072,-12.4144,C,ohp,heavy,6
2019-01-14 13:57:41.400,0.057,0.8815,0.234,17.3048,-7.183,-13.085400000000002,C,ohp,heavy,4
2019-01-14 13:57:41.600,0.0583333333333333,0.9776666666666666,0.1169999999999999,18.2806,-23.6462,4.0366,C,ohp,heavy,2
2019-01-14 13:57:41.800,-0.137,1.4954999999999998,0.217,33.9146,14.6462,-98.8294,C,ohp,heavy,4
2019-01-14 13:57:42.000,-0.2886666666666667,0.899,0.0343333333333333,-17.9024,49.4024,-49.57299999999999,C,ohp,heavy,5
2019-01-14 13:57:42.200,-0.3585,0.781,-0.047,-24.195,38.9148,6.7074,C,ohp,heavy,6
2019-01-14 13:57:42.400,-0.3493333333333333,0.8323333333333333,-0.0079999999999999,-10.5854,12.1708,39.6708,C,ohp,heavy,3
2019-01-14 13:57:42.600,-0.184,0.8545,0.027,2.7072,8.8414,64.561,C,ohp,heavy,7
2019-01-14 13:57:42.800,-0.1433333333333333,0.793,-0.069,0.2074000000000001,3.8294,0.1948,C,ohp,heavy,2
2019-01-14 13:57:43.000,-0.092,1.006,0.015,1.7559999999999996,1.561,-3.8294,C,ohp,heavy,4
2019-01-14 13:57:43.200,-0.1173333333333333,0.975,-0.0076666666666666,2.3294,-4.1708,-8.683,C,ohp,heavy,4
2019-01-14 13:57:43.400,-0.141,0.8554999999999999,-0.0504999999999999,3.9998,-11.0612,-25.4878,C,ohp,heavy,1
2019-01-14 13:57:43.600,-0.2299999999999999,0.8696666666666667,-0.0366666666666666,1.1340000000000003,-0.6463999999999999,-35.2194,C,ohp,heavy,3
2019-01-14 13:57:43.800,-0.3245,0.8515,-0.0645,11.0244,-11.6954,-16.3294,C,ohp,heavy,2
2019-01-14 13:57:44.000,-0.314,0.793,-0.0873333333333333,19.0,-44.5364,12.7804,C,ohp,heavy,3
2019-01-14 13:57:44.200,-0.3475,0.955,0.084,-9.9266,-33.6586,40.9756,C,ohp,heavy,1
2019-01-14 13:57:44.400,-0.1403333333333333,1.01,0.0533333333333333,16.7804,-21.0486,62.4634,C,ohp,heavy,2
2019-01-14 13:57:44.600,0.021,1.1775000000000002,0.0025,-51.2562,-8.499799999999999,48.1218,C,ohp,heavy,2
2019-01-14 13:57:44.800,0.1686666666666666,1.092,0.1713333333333333,-7.2926,-12.3414,-2.5490000000000004,C,ohp,heavy,5
2019-01-14 13:57:45.000,0.1865,0.8500000000000001,0.173,12.5856,-26.3536,-6.8292,C,ohp,heavy,2
2019-01-14 13:57:45.200,0.1619999999999999,1.0185,0.1704999999999999,3.933,-1.128,-10.6095,C,ohp,heavy,7
2019-01-14 14:01:40.000,-0.037,-0.854,0.271,-31.817200000000003,-1.6829999999999998,-6.3660000000000005,C,row,medium,5
2019-01-14 14:01:40.200,-0.0424999999999999,-0.884,0.174,-56.34159999999999,-8.3172,-9.9388,C,row,medium,7
2019-01-14 14:01:40.400,-0.0083333333333333,-0.9676666666666668,0.0303333333333333,-31.438800000000004,-3.0732,0.9266,C,row,medium,6
2019-01-14 14:01:40.600,-0.0185,-1.0465,-0.0424999999999999,-4.5244,-4.9632000000000005,1.3536,C,row,medium,5
2019-01-14 14:01:40.800,-0.031,-1.098666666666667,-0.0623333333333333,7.7318,1.9634,4.4878,C,row,medium,1
2019-01-14 14:01:41.000,-0.045,-1.2795,-0.092,11.4514,-2.8536,-0.2440000000000001,C,row,medium,2
2019-01-14 14:01:41.200,-0.0006666666666666,-1.4613333333333334,-0.102,29.9266,-20.2682,-28.5734,C,row,medium,5
2019-01-14 14:01:41.400,0.151,-1.223,0.0985,36.0732,-36.2928,-34.3414,C,row,medium,5
2019-01-14 14:01:41.600,0.109,-0.354,0.1883333333333333,13.7928,-13.987799999999998,2.9026,C,row,medium,6
2019-01-14 14:01:41.800,0.1634999999999999,-0.624,0.1745,-19.0732,17.683,21.6464,C,row,medium,6
2019-01-14 14:01:42.000,0.1173333333333333,-1.1106666666666667,0.1333333333333333,-41.195,10.9024,23.4024,C,row,medium,5
2019-01-14 14:01:42.200,0.0045,-1.0955,0.0069999999999999,-8.134,2.9878,11.817,C,row,medium,2
2019-01-14 14:01:42.400,-0.0173333333333333,-1.2686666666666666,-0.038,7.9878,6.317,3.5,C,row,medium,6
2019-01-14 14:01:42.600,0.0104999999999999,-1.5455,-0.0399999999999999,45.8416,-16.6952,-28.536400000000004,C,row,medium,2
2019-01-14 14:01:42.800,0.135,-0.9403333333333334,0.1523333333333333,29.378,-25.5366,-5.1708,C,row,medium,3
2019-01-14 14:01:43.000,0.018,-0.1595,0.1765,-8.549000000000001,-1.622,0.6950000000000003,C,row,medium,7
2019-01-14 14:01:43.200,0.1256666666666666,-0.928,0.176,-40.7318,13.353799999999998,21.3658,C,row,medium,1
2019-01-14 14:01:43.400,0.0495,-1.139,0.0355,-34.4754,5.9146,22.8904,C,row,medium,1
2019-01-14 14:01:43.600,-0.0156666666666666,-1.1986666666666668,-0.0563333333333333,1.3537999999999997,7.3414,0.1341999999999999,C,row,medium,4
2019-01-14 14:01:43.800,-0.0005,-1.4435,-0.0834999999999999,17.4878,10.6098,-13.512,C,row,medium,1
2019-01-14 14:01:44.000,0.07,-1.308,0.017,52.6828,-21.4634,-34.5364,C,row,medium,7
2019-01-14 14:01:44.200,0.166,-0.7364999999999999,0.201,8.0002,-20.4878,5.5122,C,row,medium,3
2019-01-14 14:01:44.400,0.0696666666666666,-0.3383333333333333,0.1536666666666666,-9.6098,-0.3171999999999998,2.1950000000000003,C,row,medium,2
2019-01-14 14:01:44.600,0.142,-1.105,0.1604999999999999,-40.3658,9.634,27.7318,C,row,medium,2
2019-01-14 14:01:44.800,0.0513333333333333,-1.1496666666666666,-0.0093333333333333,-18.4512,7.2196,16.2316,C,row,medium,7
2019-01-14 14:01:45.000,-0.0024999999999999,-1.2574999999999998,-0.0735,11.8414,2.0732,-3.3782,C,row,medium,1
2019-01-14 14:01:45.200,0.05,-1.4573333333333334,-0.0386666666666666,38.4634,-13.2072,-30.1218,C,row,medium,1
2019-01-14 14:01:45.400,0.2105,-1.144,0.1659999999999999,30.39,-11.6828,-8.9024,C,row,medium,7
2019-01-14 14:01:45.600,0.0643333333333333,-0.399,0.1836666666666666,12.5852,-12.439,16.3414,C,row,medium,7
2019-01-14 14:01:45.800,0.1105,-0.681,0.195,-22.6342,2.6708,-2.4634,C,row,medium,4
2019-01-14 14:01:46.000,0.1163333333333333,-1.0996666666666666,0.1513333333333333,-47.927,7.073,22.0366,C,row,medium,2
2019-01-14 14:01:46.200,0.02,-1.101,-0.018,-18.0488,2.8414,24.878,C,row,medium,1
2019-01-14 14:01:46.400,-0.0533333333333333,-1.2943333333333331,-0.0699999999999999,14.365800000000002,0.3048,-1.9878,C,row,medium,3
2019-01-14 14:01:46.600,-0.013,-1.4495,-0.075,40.5488,-17.2682,-25.0366,C,row,medium,2
2019-01-14 14:01:46.800,0.1343333333333333,-1.115,0.1583333333333333,27.5,-11.4634,-25.7928,C,row,medium,5
2019-01-14 14:01:47.000,0.088,-0.4745,0.181,1.5854,-9.939,8.6586,C,row,medium,6
2019-01-14 14:01:47.200,0.1033333333333333,-0.6063333333333333,0.2056666666666666,-15.414600000000002,10.4878,11.5734,C,row,medium,7
2019-01-14 14:01:47.400,0.0915,-1.098,0.1545,-47.6218,12.8172,27.719600000000003,C,row,medium,5
2019-01-14 14:01:47.600,-0.0279999999999999,-1.1546666666666667,-0.0559999999999999,-10.9146,-2.2562,16.4636,C,row,medium,6
2019-01-14 14:01:47.800,-0.071,-1.3585,-0.0875,18.8538,3.6586,-11.805,C,row,medium,2
2019-01-14 14:01:48.000,0.0069999999999999,-1.4056666666666668,-0.0016666666666666,45.5122,-12.7806,-32.622,C,row,medium,1
2019-01-14 14:01:48.200,0.138,-0.964,0.193,22.1342,-15.5124,-1.5364000000000004,C,row,medium,6
2019-01-14 14:01:48.400,0.0636666666666666,-0.2836666666666667,0.1613333333333333,0.9634,-2.8536,-9.0608,C,row,medium,3
2019-01-14 14:01:48.600,0.1575,-0.9215,0.257,-37.6954,21.317,17.1098,C,row,medium,5
2019-01-14 14:01:48.800,0.0353333333333333,-1.1773333333333331,0.0989999999999999,-26.3538,22.5852,20.8658,C,row,medium,6
2019-01-14 14:01:49.000,0.0275,-1.118,0.0235,4.366,2.5366,-1.3171999999999997,C,row,medium,1
2019-01-14 14:01:49.200,0.0356666666666666,-1.352,0.0073333333333333,5.5366,-10.4754,-4.2562,C,row,medium,6
2019-01-14 14:01:49.400,0.0895,-1.451,0.0045,41.2316,-22.1584,-30.549,C,row,medium,5
2019-01-14 14:01:49.600,0.1576666666666666,-0.8296666666666667,0.1973333333333333,7.744,-26.427,5.122,C,row,medium,6
2019-01-14 14:01:49.800,0.0685,-0.1775,0.1089999999999999,2.6461999999999994,2.5366,1.7804000000000002,C,row,medium,5
2019-01-14 14:01:50.000,0.1273333333333333,-0.9553333333333334,0.2103333333333333,-32.9998,16.5974,25.7314,C,row,medium,4
2019-01-14 14:01:50.200,0.0315,-1.135,0.0445,-31.3904,13.817000000000002,20.7926,C,row,medium,7
2019-01-14 14:01:50.400,-0.0506666666666666,-1.21,-0.0653333333333333,-0.5244,6.1584,2.4756,C,row,medium,4
2019-01-14 14:01:50.600,-0.0414999999999999,-1.4355,-0.0665,25.1466,-8.3904,-15.366,C,row,medium,7
2019-01-14 14:01:50.800,0.089,-1.3756666666666668,0.0699999999999999,48.2318,-43.3778,-40.9512,C,row,medium,3
2019-01-14 14:01:51.000,0.1815,-0.55,0.214,20.3174,-17.9634,0.2317999999999996,C,row,medium,1
2019-01-14 14:01:51.200,0.102,-0.3236666666666666,0.162,-8.4022,17.8172,10.2562,C,row,medium,7
2019-01-14 14:01:51.400,0.1709999999999999,-1.1124999999999998,0.2065,-48.0244,12.0612,34.817,C,row,medium,5
2019-01-14 14:01:51.600,0.0006666666666666,-1.1929999999999998,0.0266666666666666,-30.122000000000003,12.5366,16.3538,C,row,medium,4
2019-01-14 14:01:51.800,-0.056,-1.296,-0.0695,8.7072,2.8292,-4.4512,C,row,medium,6
2019-01-14 14:01:52.000,0.0176666666666666,-1.461666666666667,-0.0233333333333333,37.256,-18.4756,-30.1098,C,row,medium,3
2019-01-14 14:01:52.200,0.1775,-1.1625,0.161,37.9634,-25.5854,-14.8534,C,row,medium,7
2019-01-14 14:01:52.400,0.0926666666666666,-0.2546666666666666,0.1466666666666666,11.061,-5.4756,0.4756,C,row,medium,4
2019-01-14 14:01:52.600,0.155,-0.7989999999999999,0.2415,-32.2928,22.4634,18.0244,C,row,medium,5
2019-01-14 14:01:52.800,0.0606666666666666,-1.1456666666666668,0.1243333333333333,-44.4878,9.0124,36.7072,C,row,medium,2
2019-01-14 14:01:53.000,-0.072,-1.1675,-0.0414999999999999,-9.7072,5.5976,12.4756,C,row,medium,3
2019-01-14 14:01:53.200,-0.0846666666666666,-1.3733333333333333,-0.0526666666666666,23.2806,-2.4634,-11.305,C,row,medium,5
2019-01-14 14:01:53.400,0.0145,-1.3775,0.051,53.4636,-12.232,-36.3902,C,row,medium,7
2019-01-14 14:01:53.600,0.125,-0.9103333333333332,0.225,27.573,-14.6952,-5.5486,C,row,medium,7
2019-01-14 14:01:53.800,0.035,-0.1164999999999999,0.1785,0.4632000000000001,2.4632,-8.8414,C,row,medium,3
2019-01-14 14:01:54.000,0.1413333333333333,-0.855,0.255,-43.6342,16.2926,24.7318,C,row,medium,5
2019-01-14 14:01:54.200,0.0184999999999999,-1.219,0.0765,-51.6466,14.634200000000002,18.5854,C,row,medium,4
2019-01-14 14:01:54.400,-0.0293333333333333,-1.0273333333333332,-0.036,-9.8902,-14.3416,14.5246,C,row,medium,6
2019-01-14 14:01:54.600,-0.0265,-1.0205,0.0084999999999999,-6.6828,4.548800000000001,5.316999999999999,C,row,medium,3
2019-01-14 14:01:54.800,-0.063,-1.138,-0.1293333333333333,-1.0243999999999998,1.927,-0.2194000000000001,C,row,medium,4
2019-01-14 14:01:55.000,-0.0465,-1.1505,-0.1475,-5.9512,-7.097399999999999,0.7318,C,row,medium,1
2019-01-14 14:01:55.200,-0.0603333333333333,-1.0956666666666666,-0.107,-5.8416,-8.9514,-0.7438,C,row,medium,6
2019-01-14 14:01:55.400,-0.061,-1.028,-0.1185,-5.0242,1.5244,0.5366,C,row,medium,2
2019-01-14 14:01:55.600,-0.071,-0.991,-0.125,-6.626,5.040666666666667,5.710999999999999,C,row,medium,5
2019-01-14 14:05:37.400,-0.015,-0.938,0.052,-35.9024,-5.2684,-4.4144,C,row,heavy,5
2019-01-14 14:05:37.600,-0.0293333333333333,-1.0196666666666667,-0.016,-13.183000000000002,-6.5242,-2.9634,C,row,heavy,2
2019-01-14 14:05:37.800,-0.021,-1.0575,-0.0475,5.5852,-2.3172,-0.549,C,row,heavy,6
2019-01-14 14:05:38.000,-0.0243333333333333,-1.071,-0.0583333333333333,3.3418,3.6464,4.4268,C,row,heavy,6
2019-01-14 14:05:38.200,-0.041,-1.2175,-0.0795,8.7562,2.1098,-0.9147999999999996,C,row,heavy,5
2019-01-14 14:05:38.400,-0.0216666666666666,-1.4673333333333334,-0.0699999999999999,28.5732,-16.4514,-25.183,C,row,heavy,2
2019-01-14 14:05:38.600,0.106,-1.2605,0.0645,36.4512,-46.2804,-32.6586,C,row,heavy,4
2019-01-14 14:05:38.800,0.1426666666666666,-0.5016666666666666,0.1513333333333333,15.756,-19.3416,21.244,C,row,heavy,3
2019-01-14 14:05:39.000,0.079,-0.385,0.151,-9.3658,16.4148,11.2074,C,row,heavy,6
2019-01-14 14:05:39.200,0.1013333333333333,-1.1376666666666668,0.1963333333333333,-31.0118,13.5488,18.7926,C,row,heavy,5
2019-01-14 14:05:39.400,0.0174999999999999,-1.1015,0.045,-17.3292,8.1462,11.0976,C,row,heavy,6
2019-01-14 14:05:39.600,-0.0363333333333333,-1.2076666666666669,-0.0043333333333333,-1.5734,8.853800000000001,5.695,C,row,heavy,6
2019-01-14 14:05:39.800,-0.0445,-1.515,-0.036,23.4022,-6.743799999999999,-19.7682,C,row,heavy,1
2019-01-14 14:05:40.000,0.0906666666666666,-1.1873333333333334,0.109,47.0976,-28.9024,-29.9634,C,row,heavy,3
2019-01-14 14:05:40.200,0.0755,-0.4345,0.1425,22.8538,-10.4998,5.0124,C,row,heavy,5
2019-01-14 14:05:40.400,0.1103333333333333,-0.516,0.2023333333333333,-29.1342,17.927,18.5486,C,row,heavy,5
2019-01-14 14:05:40.600,0.049,-1.174,0.1255,-54.3658,10.4512,25.683,C,row,heavy,1
2019-01-14 14:05:40.800,-0.0423333333333333,-1.164,-0.014,-12.914600000000002,-0.3659999999999998,5.0124,C,row,heavy,3
2019-01-14 14:05:41.000,-0.0265,-1.175,-0.0175,8.6708,5.7438,2.7684,C,row,heavy,5
2019-01-14 14:05:41.200,-0.0513333333333333,-1.3876666666666668,-0.0316666666666666,23.7318,-5.658799999999999,-14.4636,C,row,heavy,5
2019-01-14 14:05:41.400,0.0465,-1.2195,0.0834999999999999,46.3414,-20.3656,-34.622,C,row,heavy,2
2019-01-14 14:05:41.600,0.161,-0.8029999999999999,0.2053333333333333,38.6708,-28.3658,-14.5976,C,row,heavy,2
2019-01-14 14:05:41.800,0.0655,-0.223,0.1785,-2.5486000000000004,9.3172,7.8416,C,row,heavy,2
2019-01-14 14:05:42.000,0.1543333333333333,-0.9276666666666666,0.265,-56.78040000000001,17.2318,26.5974,C,row,heavy,2
2019-01-14 14:05:42.200,0.062,-1.1589999999999998,0.089,-42.5,11.2682,25.6462,C,row,heavy,3
2019-01-14 14:05:42.400,-0.0343333333333333,-1.1143333333333334,-0.0116666666666666,-7.5976,-2.0734,9.719399999999998,C,row,heavy,2
2019-01-14 14:05:42.600,-0.0355,-1.2175,-0.045,8.134,6.4026,-1.2193999999999998,C,row,heavy,4
2019-01-14 14:05:42.800,-0.017,-1.3806666666666665,-0.036,29.4266,-10.3292,-29.2924,C,row,heavy,2
2019-01-14 14:05:43.000,0.123,-1.167,0.1215,41.927,-19.6584,-39.4024,C,row,heavy,6
2019-01-14 14:05:43.200,0.2423333333333333,-0.834,0.2186666666666666,38.6828,-8.4878,-1.4266,C,row,heavy,3
2019-01-14 14:05:43.400,0.0305,-0.2015,0.1144999999999999,-2.8658,11.866,5.8902,C,row,heavy,7
2019-01-14 14:05:43.600,0.1756666666666666,-0.907,0.2729999999999999,-52.47580000000001,17.8902,27.439,C,row,heavy,1
2019-01-14 14:05:43.800,0.0635,-1.158,0.1045,-46.2682,8.2684,28.3414,C,row,heavy,7
2019-01-14 14:05:44.000,-0.04,-1.1363333333333332,0.0073333333333333,-11.0852,2.3168,7.1342,C,row,heavy,4
2019-01-14 14:05:44.200,-0.048,-1.204,-0.048,8.683,3.8048,-0.305,C,row,heavy,5
2019-01-14 14:05:44.400,-0.0403333333333333,-1.3856666666666666,-0.0343333333333333,24.695,-8.2194,-18.9754,C,row,heavy,5
2019-01-14 14:05:44.600,0.0665,-1.213,0.086,47.305,-21.8658,-31.7318,C,row,heavy,7
2019-01-14 14:05:44.800,0.1726666666666666,-0.8140000000000001,0.2523333333333333,35.6464,-28.1952,-15.414599999999998,C,row,heavy,4
2019-01-14 14:05:45.000,0.097,-0.265,0.155,9.1708,11.0734,10.8416,C,row,heavy,1
2019-01-14 14:05:45.200,0.1796666666666666,-0.9076666666666666,0.266,-49.3048,16.4026,27.4876,C,row,heavy,4
2019-01-14 14:05:45.400,0.0685,-1.1395,0.134,-47.8536,10.7074,29.036400000000004,C,row,heavy,7
2019-01-14 14:05:45.600,-0.0616666666666666,-1.205,-0.0046666666666666,-7.1708,-0.0363999999999999,9.5608,C,row,heavy,4
2019-01-14 14:05:45.800,-0.0579999999999999,-1.1045,0.002,8.0732,-3.9024,3.1584,C,row,heavy,5
2019-01-14 14:05:46.000,-0.052,-0.9915,0.016,0.3253333333333333,-2.744,1.524333333333333,C,row,heavy,7
2019-01-14 14:08:50.000,-0.012,-0.865,0.187,-46.5245,-3.018,-11.951,C,row,heavy,2
2019-01-14 14:08:50.200,0.011,-0.9353333333333332,0.077,-45.2926,-4.4758,-9.7316,C,row,heavy,2
2019-01-14 14:08:50.400,0.0209999999999999,-1.0125,-0.013,-22.6832,-10.183,-6.548599999999999,C,row,heavy,2
2019-01-14 14:08:50.600,0.032,-1.032333333333333,-0.0726666666666666,-1.5732,-6.2928,0.2803999999999999,C,row,heavy,7
2019-01-14 14:08:50.800,0.0225,-1.0845,-0.1159999999999999,5.0608,-0.5002000000000001,4.2804,C,row,heavy,3
2019-01-14 14:08:51.000,0.03,-1.2806666666666666,-0.148,6.549,-4.3172,1.1342,C,row,heavy,1
2019-01-14 14:08:51.200,0.053,-1.472,-0.178,32.4148,-29.878,-23.4634,C,row,heavy,2
2019-01-14 14:08:51.400,0.1766666666666666,-1.1676666666666666,0.0766666666666666,37.6342,-29.8782,-30.9636,C,row,heavy,1
2019-01-14 14:08:51.600,0.1175,-0.4735,0.105,33.6828,-11.439,6.9024,C,row,heavy,1
2019-01-14 14:08:51.800,0.1293333333333333,-0.4986666666666666,0.1989999999999999,-20.939,21.9146,10.939,C,row,heavy,5
2019-01-14 14:08:52.000,0.1535,-1.156,0.137,-48.0124,13.6464,21.6586,C,row,heavy,7
2019-01-14 14:08:52.200,0.074,-1.1353333333333333,-0.018,-22.5,4.7684,9.8172,C,row,heavy,3
2019-01-14 14:08:52.400,0.0315,-1.0465,-0.0655,-5.073,4.4636,2.8416,C,row,heavy,7
2019-01-14 14:08:52.600,0.0436666666666666,-1.2956666666666667,-0.1153333333333333,10.3048,5.0124,-4.9634,C,row,heavy,1
2019-01-14 14:08:52.800,0.12,-1.4395,-0.073,48.7194,-19.012,-30.3536,C,row,heavy,6
2019-01-14 14:08:53.000,0.2126666666666666,-1.0406666666666666,0.1676666666666666,57.64639999999999,-41.6706,-31.817,C,row,heavy,6
2019-01-14 14:08:53.200,0.0775,-0.0879999999999999,0.2585,0.939,43.1464,0.4633999999999998,C,row,heavy,4
2019-01-14 14:08:53.400,0.1426666666666666,-0.7246666666666668,0.1033333333333333,-49.3538,-5.9510000000000005,39.2072,C,row,heavy,4
2019-01-14 14:08:53.600,0.152,-1.2945,0.0584999999999999,-48.9024,12.5244,18.5368,C,row,heavy,6
2019-01-14 14:08:53.800,0.0566666666666666,-1.134,-0.0383333333333333,-12.4148,3.4266,10.622,C,row,heavy,6
2019-01-14 14:08:54.000,0.0569999999999999,-1.1975,-0.0829999999999999,9.0852,2.9878,-3.4758000000000004,C,row,heavy,3
2019-01-14 14:08:54.200,0.075,-1.4720000000000002,-0.107,40.0366,-38.0852,-22.988,C,row,heavy,5
2019-01-14 14:08:54.400,0.2594999999999999,-1.132,0.1955,51.0732,-23.2194,-32.8782,C,row,heavy,1
2019-01-14 14:08:54.600,0.1143333333333333,-0.3923333333333333,0.1186666666666666,29.8294,2.2192000000000003,8.5364,C,row,heavy,1
2019-01-14 14:08:54.800,0.1275,-0.5365,0.2545,-37.2316,24.061,13.268200000000002,C,row,heavy,5
2019-01-14 14:08:55.000,0.1566666666666666,-1.1506666666666667,0.157,-66.0,18.3536,27.1952,C,row,heavy,6
2019-01-14 14:08:55.200,0.0424999999999999,-1.1705,-0.0689999999999999,-28.171,1.2684,10.0244,C,row,heavy,6
2019-01-14 14:08:55.400,0.0333333333333333,-1.0773333333333337,-0.0806666666666666,2.939,2.0978000000000003,-0.6096,C,row,heavy,5
2019-01-14 14:08:55.600,0.0445,-1.312,-0.1149999999999999,16.9022,2.7684,-6.1098,C,row,heavy,5
2019-01-14 14:08:55.800,0.0959999999999999,-1.4246666666666667,-0.0753333333333333,49.5976,-30.110000000000003,-31.6098,C,row,heavy,4
2019-01-14 14:08:56.000,0.2744999999999999,-1.078,0.2135,50.4146,-29.9512,-17.9146,C,row,heavy,2
2019-01-14 14:08:56.200,0.0756666666666666,-0.264,0.1149999999999999,19.3292,6.3414,10.1218,C,row,heavy,7
2019-01-14 14:08:56.400,0.2115,-0.6845,0.265,-47.5852,26.0854,12.4024,C,row,heavy,4
2019-01-14 14:08:56.600,0.149,-1.1773333333333331,0.118,-58.43920000000001,15.170600000000002,27.2074,C,row,heavy,2
2019-01-14 14:08:56.800,0.023,-1.1855,-0.0569999999999999,-21.3414,-1.3416,10.4636,C,row,heavy,5
2019-01-14 14:08:57.000,0.031,-1.0793333333333333,-0.089,1.3902,1.8052,1.6951999999999998,C,row,heavy,7
2019-01-14 14:08:57.200,0.027,-1.3425,-0.121,17.2196,-0.0609999999999999,-10.683,C,row,heavy,5
2019-01-14 14:08:57.400,0.0913333333333333,-1.3606666666666667,-0.0429999999999999,46.3658,-22.9756,-32.4148,C,row,heavy,3
2019-01-14 14:08:57.600,0.2425,-1.035,0.181,56.45119999999999,-31.8656,-21.2926,C,row,heavy,3
2019-01-14 14:08:57.800,0.1173333333333333,-0.4213333333333333,0.166,24.6584,25.7316,12.2684,C,row,heavy,3
2019-01-14 14:08:58.000,0.162,-0.563,0.2799999999999999,-34.317,10.2318,6.3294,C,row,heavy,3
2019-01-14 14:08:58.200,0.1693333333333333,-1.069,0.211,-69.39020000000001,15.865800000000002,26.2074,C,row,heavy,6
2019-01-14 14:08:58.400,0.0445,-1.254,-0.008,-27.9512,1.9512,15.1832,C,row,heavy,2
2019-01-14 14:08:58.600,0.0186666666666666,-1.1786666666666668,-0.079,1.817,-2.2926,1.4389999999999998,C,row,heavy,7
2019-01-14 14:08:58.800,0.024,-1.001,-0.046,3.7074,-3.634,-0.3294,C,row,heavy,5
2019-01-14 14:08:59.000,0.0203333333333333,-1.0033333333333332,-0.0499999999999999,-3.317,-0.012,-0.4757999999999999,C,row,heavy,3
2019-01-14 14:08:59.200,0.019,-0.9975,-0.0849999999999999,-0.9634,-6.6706,-0.9514,C,row,heavy,2
2019-01-15 14:01:40.000,-0.037,-0.854,0.271,-31.817200000000003,-1.6829999999999998,-6.3660000000000005,C,row,medium,6
2019-01-15 14:01:40.200,-0.0424999999999999,-0.884,0.174,-56.34159999999999,-8.3172,-9.9388,C,row,medium,1
2019-01-15 14:01:40.400,-0.0083333333333333,-0.9676666666666668,0.0303333333333333,-31.438800000000004,-3.0732,0.9266,C,row,medium,5
2019-01-15 14:01:40.600,-0.0185,-1.0465,-0.0424999999999999,-4.5244,-4.9632000000000005,1.3536,C,row,medium,1
2019-01-15 14:01:40.800,-0.031,-1.098666666666667,-0.0623333333333333,7.7318,1.9634,4.4878,C,row,medium,7
2019-01-15 14:01:41.000,-0.045,-1.2795,-0.092,11.4514,-2.8536,-0.2440000000000001,C,row,medium,2
2019-01-15 14:01:41.200,-0.0006666666666666,-1.4613333333333334,-0.102,29.9266,-20.2682,-28.5734,C,row,medium,2
2019-01-15 14:01:41.400,0.151,-1.223,0.0985,36.0732,-36.2928,-34.3414,C,row,medium,7
2019-01-15 14:01:41.600,0.109,-0.354,0.1883333333333333,13.7928,-13.987799999999998,2.9026,C,row,medium,7
2019-01-15 14:01:41.800,0.1634999999999999,-0.624,0.1745,-19.0732,17.683,21.6464,C,row,medium,1
2019-01-15 14:01:42.000,0.1173333333333333,-1.1106666666666667,0.1333333333333333,-41.195,10.9024,23.4024,C,row,medium,5
2019-01-15 14:01:42.200,0.0045,-1.0955,0.0069999999999999,-8.134,2.9878,11.817,C,row,medium,6
2019-01-15 14:01:42.400,-0.0173333333333333,-1.2686666666666666,-0.038,7.9878,6.317,3.5,C,row,medium,3
2019-01-15 14:01:42.600,0.0104999999999999,-1.5455,-0.0399999999999999,45.8416,-16.6952,-28.536400000000004,C,row,medium,7
2019-01-15 14:01:42.800,0.135,-0.9403333333333334,0.1523333333333333,29.378,-25.5366,-5.1708,C,row,medium,1
2019-01-15 14:01:43.000,0.018,-0.1595,0.1765,-8.549000000000001,-1.622,0.6950000000000003,C,row,medium,7
2019-01-15 14:01:43.200,0.1256666666666666,-0.928,0.176,-40.7318,13.353799999999998,21.3658,C,row,medium,6
2019-01-15 14:01:43.400,0.0495,-1.139,0.0355,-34.4754,5.9146,22.8904,C,row,medium,2
2019-01-15 14:01:43.600,-0.0156666666666666,-1.1986666666666668,-0.0563333333333333,1.3537999999999997,7.3414,0.1341999999999999,C,row,medium,3
2019-01-15 14:01:43.800,-0.0005,-1.4435,-0.0834999999999999,17.4878,10.6098,-13.512,C,row,medium,7
2019-01-15 14:01:44.000,0.07,-1.308,0.017,52.6828,-21.4634,-34.5364,C,row,medium,2
2019-01-15 14:01:44.200,0.166,-0.7364999999999999,0.201,8.0002,-20.4878,5.5122,C,row,medium,1
2019-01-15 14:01:44.400,0.0696666666666666,-0.3383333333333333,0.1536666666666666,-9.6098,-0.3171999999999998,2.1950000000000003,C,row,medium,6
2019-01-15 14:01:44.600,0.142,-1.105,0.1604999999999999,-40.3658,9.634,27.7318,C,row,medium,4
2019-01-15 14:01:44.800,0.0513333333333333,-1.1496666666666666,-0.0093333333333333,-18.4512,7.2196,16.2316,C,row,medium,6
2019-01-15 14:01:45.000,-0.0024999999999999,-1.2574999999999998,-0.0735,11.8414,2.0732,-3.3782,C,row,medium,7
2019-01-15 14:01:45.200,0.05,-1.4573333333333334,-0.0386666666666666,38.4634,-13.2072,-30.1218,C,row,medium,2
2019-01-15 14:01:45.400,0.2105,-1.144,0.1659999999999999,30.39,-11.6828,-8.9024,C,row,medium,5
2019-01-15 14:01:45.600,0.0643333333333333,-0.399,0.1836666666666666,12.5852,-12.439,16.3414,C,row,medium,5
2019-01-15 14:01:45.800,0.1105,-0.681,0.195,-22.6342,2.6708,-2.4634,C,row,medium,2
2019-01-15 14:01:46.000,0.1163333333333333,-1.0996666666666666,0.1513333333333333,-47.927,7.073,22.0366,C,row,medium,1
2019-01-15 14:01:46.200,0.02,-1.101,-0.018,-18.0488,2.8414,24.878,C,row,medium,1
2019-01-15 14:01:46.400,-0.0533333333333333,-1.2943333333333331,-0.0699999999999999,14.365800000000002,0.3048,-1.9878,C,row,medium,1
2019-01-15 14:01:46.600,-0.013,-1.4495,-0.075,40.5488,-17.2682,-25.0366,C,row,medium,4
2019-01-15 14:01:46.800,0.1343333333333333,-1.115,0.1583333333333333,27.5,-11.4634,-25.7928,C,row,medium,3
2019-01-15 14:01:47.000,0.088,-0.4745,0.181,1.5854,-9.939,8.6586,C,row,medium,7
2019-01-15 14:01:47.200,0.1033333333333333,-0.6063333333333333,0.2056666666666666,-15.414600000000002,10.4878,11.5734,C,row,medium,1
2019-01-15 14:01:47.400,0.0915,-1.098,0.1545,-47.6218,12.8172,27.719600000000003,C,row,medium,2
2019-01-15 14:01:47.600,-0.0279999999999999,-1.1546666666666667,-0.0559999999999999,-10.9146,-2.2562,16.4636,C,row,medium,5
2019-01-15 14:01:47.800,-0.071,-1.3585,-0.0875,18.8538,3.6586,-11.805,C,row,medium,7
2019-01-15 14:01:48.000,0.0069999999999999,-1.4056666666666668,-0.0016666666666666,45.5122,-12.7806,-32.622,C,row,medium,3
2019-01-15 14:01:48.200,0.138,-0.964,0.193,22.1342,-15.5124,-1.5364000000000004,C,row,medium,6
2019-01-15 14:01:48.400,0.0636666666666666,-0.2836666666666667,0.1613333333333333,0.9634,-2.8536,-9.0608,C,row,medium,6
2019-01-15 14:01:48.600,0.1575,-0.9215,0.257,-37.6954,21.317,17.1098,C,row,medium,4
2019-01-15 14:01:48.800,0.0353333333333333,-1.1773333333333331,0.0989999999999999,-26.3538,22.5852,20.8658,C,row,medium,1
2019-01-15 14:01:49.000,0.0275,-1.118,0.0235,4.366,2.5366,-1.3171999999999997,C,row,medium,1
2019-01-15 14:01:49.200,0.0356666666666666,-1.352,0.0073333333333333,5.5366,-10.4754,-4.2562,C,row,medium,3
2019-01-15 14:01:49.400,0.0895,-1.451,0.0045,41.2316,-22.1584,-30.549,C,row,medium,4
2019-01-15 14:01:49.600,0.1576666666666666,-0.8296666666666667,0.1973333333333333,7.744,-26.427,5.122,C,row,medium,5
2019-01-15 14:01:49.800,0.0685,-0.1775,0.1089999999999999,2.6461999999999994,2.5366,1.7804000000000002,C,row,medium,7
2019-01-15 14:01:50.000,0.1273333333333333,-0.9553333333333334,0.2103333333333333,-32.9998,16.5974,25.7314,C,row,medium,7
2019-01-15 14:01:50.200,0.0315,-1.135,0.0445,-31.3904,13.817000000000002,20.7926,C,row,medium,4
2019-01-15 14:01:50.400,-0.0506666666666666,-1.21,-0.0653333333333333,-0.5244,6.1584,2.4756,C,row,medium,6
2019-01-15 14:01:50.600,-0.0414999999999999,-1.4355,-0.0665,25.1466,-8.3904,-15.366,C,row,medium,7
2019-01-15 14:01:50.800,0.089,-1.3756666666666668,0.0699999999999999,48.2318,-43.3778,-40.9512,C,row,medium,4
2019-01-15 14:01:51.000,0.1815,-0.55,0.214,20.3174,-17.9634,0.2317999999999996,C,row,medium,1
2019-01-15 14:01:51.200,0.102,-0.3236666666666666,0.162,-8.4022,17.8172,10.2562,C,row,medium,4
2019-01-15 14:01:51.400,0.1709999999999999,-1.1124999999999998,0.2065,-48.0244,12.0612,34.817,C,row,medium,2
2019-01-15 14:01:51.600,0.0006666666666666,-1.1929999999999998,0.0266666666666666,-30.122000000000003,12.5366,16.3538,C,row,medium,2
2019-01-15 14:01:51.800,-0.056,-1.296,-0.0695,8.7072,2.8292,-4.4512,C,row,medium,4
2019-01-15 14:01:52.000,0.0176666666666666,-1.461666666666667,-0.0233333333333333,37.256,-18.4756,-30.1098,C,row,medium,3
2019-01-15 14:01:52.200,0.1775,-1.1625,0.161,37.9634,-25.5854,-14.8534,C,row,medium,6
2019-01-15 14:01:52.400,0.0926666666666666,-0.2546666666666666,0.1466666666666666,11.061,-5.4756,0.4756,C,row,medium,4
2019-01-15 14:01:52.600,0.155,-0.7989999999999999,0.2415,-32.2928,22.4634,18.0244,C,row,medium,7
2019-01-15 14:01:52.800,0.0606666666666666,-1.1456666666666668,0.1243333333333333,-44.4878,9.0124,36.7072,C,row,medium,5
2019-01-15 14:01:53.000,-0.072,-1.1675,-0.0414999999999999,-9.7072,5.5976,12.4756,C,row,medium,6
2019-01-15 14:01:53.200,-0.0846666666666666,-1.3733333333333333,-0.0526666666666666,23.2806,-2.4634,-11.305,C,row,medium,2
2019-01-15 14:01:53.400,0.0145,-1.3775,0.051,53.4636,-12.232,-36.3902,C,row,medium,3
2019-01-15 14:01:53.600,0.125,-0.9103333333333332,0.225,27.573,-14.6952,-5.5486,C,row,medium,3
2019-01-15 14:01:53.800,0.035,-0.1164999999999999,0.1785,0.4632000000000001,2.4632,-8.8414,C,row,medium,3
2019-01-15 14:01:54.000,0.1413333333333333,-0.855,0.255,-43.6342,16.2926,24.7318,C,row,medium,2
2019-01-15 14:01:54.200,0.0184999999999999,-1.219,0.0765,-51.6466,14.634200000000002,18.5854,C,row,medium,4
2019-01-15 14:01:54.400,-0.0293333333333333,-1.0273333333333332,-0.036,-9.8902,-14.3416,14.5246,C,row,medium,6
2019-01-15 14:01:54.600,-0.0265,-1.0205,0.0084999999999999,-6.6828,4.548800000000001,5.316999999999999,C,row,medium,6
2019-01-15 14:01:54.800,-0.063,-1.138,-0.1293333333333333,-1.0243999999999998,1.927,-0.2194000000000001,C,row,medium,2
2019-01-15 14:01:55.000,-0.0465,-1.1505,-0.1475,-5.9512,-7.097399999999999,0.7318,C,row,medium,2
2019-01-15 14:01:55.200,-0.0603333333333333,-1.0956666666666666,-0.107,-5.8416,-8.9514,-0.7438,C,row,medium,1
2019-01-15 14:01:55.400,-0.061,-1.028,-0.1185,-5.0242,1.5244,0.5366,C,row,medium,1
2019-01-15 14:01:55.600,-0.071,-0.991,-0.125,-6.626,5.040666666666667,5.710999999999999,C,row,medium,6
2019-01-15 14:05:37.400,-0.015,-0.938,0.052,-35.9024,-5.2684,-4.4144,C,row,heavy,7
2019-01-15 14:05:37.600,-0.0293333333333333,-1.0196666666666667,-0.016,-13.183000000000002,-6.5242,-2.9634,C,row,heavy,2
2019-01-15 14:05:37.800,-0.021,-1.0575,-0.0475,5.5852,-2.3172,-0.549,C,row,heavy,3
2019-01-15 14:05:38.000,-0.0243333333333333,-1.071,-0.0583333333333333,3.3418,3.6464,4.4268,C,row,heavy,1
2019-01-15 14:05:38.200,-0.041,-1.2175,-0.0795,8.7562,2.1098,-0.9147999999999996,C,row,heavy,3
2019-01-15 14:05:38.400,-0.0216666666666666,-1.4673333333333334,-0.0699999999999999,28.5732,-16.4514,-25.183,C,row,heavy,6
2019-01-15 14:05:38.600,0.106,-1.2605,0.0645,36.4512,-46.2804,-32.6586,C,row,heavy,1
2019-01-15 14:05:38.800,0.1426666666666666,-0.5016666666666666,0.1513333333333333,15.756,-19.3416,21.244,C,row,heavy,3
2019-01-15 14:05:39.000,0.079,-0.385,0.151,-9.3658,16.4148,11.2074,C,row,heavy,6
2019-01-15 14:05:39.200,0.1013333333333333,-1.1376666666666668,0.1963333333333333,-31.0118,13.5488,18.7926,C,row,heavy,5
2019-01-15 14:05:39.400,0.0174999999999999,-1.1015,0.045,-17.3292,8.1462,11.0976,C,row,heavy,3
2019-01-15 14:05:39.600,-0.0363333333333333,-1.2076666666666669,-0.0043333333333333,-1.5734,8.853800000000001,5.695,C,row,heavy,3
2019-01-15 14:05:39.800,-0.0445,-1.515,-0.036,23.4022,-6.743799999999999,-19.7682,C,row,heavy,3
2019-01-15 14:05:40.000,0.0906666666666666,-1.1873333333333334,0.109,47.0976,-28.9024,-29.9634,C,row,heavy,4
2019-01-15 14:05:40.200,0.0755,-0.4345,0.1425,22.8538,-10.4998,5.0124,C,row,heavy,5
2019-01-15 14:05:40.400,0.1103333333333333,-0.516,0.2023333333333333,-29.1342,17.927,18.5486,C,row,heavy,1
2019-01-15 14:05:40.600,0.049,-1.174,0.1255,-54.3658,10.4512,25.683,C,row,heavy,7
2019-01-15 14:05:40.800,-0.0423333333333333,-1.164,-0.014,-12.914600000000002,-0.3659999999999998,5.0124,C,row,heavy,2
2019-01-15 14:05:41.000,-0.0265,-1.175,-0.0175,8.6708,5.7438,2.7684,C,row,heavy,7
2019-01-15 14:05:41.200,-0.0513333333333333,-1.3876666666666668,-0.0316666666666666,23.7318,-5.658799999999999,-14.4636,C,row,heavy,6
2019-01-15 14:05:41.400,0.0465,-1.2195,0.0834999999999999,46.3414,-20.3656,-34.622,C,row,heavy,7
2019-01-15 14:05:41.600,0.161,-0.8029999999999999,0.2053333333333333,38.6708,-28.3658,-14.5976,C,row,heavy,7
2019-01-15 14:05:41.800,0.0655,-0.223,0.1785,-2.5486000000000004,9.3172,7.8416,C,row,heavy,5
2019-01-15 14:05:42.000,0.1543333333333333,-0.9276666666666666,0.265,-56.78040000000001,17.2318,26.5974,C,row,heavy,7
2019-01-15 14:05:42.200,0.062,-1.1589999999999998,0.089,-42.5,11.2682,25.6462,C,row,heavy,4
2019-01-15 14:05:42.400,-0.0343333333333333,-1.1143333333333334,-0.0116666666666666,-7.5976,-2.0734,9.719399999999998,C,row,heavy,7
2019-01-15 14:05:42.600,-0.0355,-1.2175,-0.045,8.134,6.4026,-1.2193999999999998,C,row,heavy,3
2019-01-15 14:05:42.800,-0.017,-1.3806666666666665,-0.036,29.4266,-10.3292,-29.2924,C,row,heavy,5
2019-01-15 14:05:43.000,0.123,-1.167,0.1215,41.927,-19.6584,-39.4024,C,row,heavy,2
2019-01-15 14:05:43.200,0.2423333333333333,-0.834,0.2186666666666666,38.6828,-8.4878,-1.4266,C,row,heavy,1
2019-01-15 14:05:43.400,0.0305,-0.2015,0.1144999999999999,-2.8658,11.866,5.8902,C,row,heavy,2
2019-01-15 14:05:43.600,0.1756666666666666,-0.907,0.2729999999999999,-52.47580000000001,17.8902,27.439,C,row,heavy,1
2019-01-15 14:05:43.800,0.0635,-1.158,0.1045,-46.2682,8.2684,28.3414,C,row,heavy,3
2019-01-15 14:05:44.000,-0.04,-1.1363333333333332,0.0073333333333333,-11.0852,2.3168,7.1342,C,row,heavy,4
2019-01-15 14:05:44.200,-0.048,-1.204,-0.048,8.683,3.8048,-0.305,C,row,heavy,4
2019-01-15 14:05:44.400,-0.0403333333333333,-1.3856666666666666,-0.0343333333333333,24.695,-8.2194,-18.9754,C,row,heavy,5
2019-01-15 14:05:44.600,0.0665,-1.213,0.086,47.305,-21.8658,-31.7318,C,row,heavy,5
2019-01-15 14:05:44.800,0.1726666666666666,-0.8140000000000001,0.2523333333333333,35.6464,-28.1952,-15.414599999999998,C,row,heavy,7
2019-01-15 14:05:45.000,0.097,-0.265,0.155,9.1708,11.0734,10.8416,C,row,heavy,4
2019-01-15 14:05:45.200,0.1796666666666666,-0.9076666666666666,0.266,-49.3048,16.4026,27.4876,C,row,heavy,3
2019-01-15 14:05:45.400,0.0685,-1.1395,0.134,-47.8536,10.7074,29.036400000000004,C,row,heavy,2
2019-01-15 14:05:45.600,-0.0616666666666666,-1.205,-0.0046666666666666,-7.1708,-0.0363999999999999,9.5608,C,row,heavy,7
2019-01-15 14:05:45.800,-0.0579999999999999,-1.1045,0.002,8.0732,-3.9024,3.1584,C,row,heavy,1
2019-01-15 14:05:46.000,-0.052,-0.9915,0.016,0.3253333333333333,-2.744,1.524333333333333,C,row,heavy,7
2019-01-15 14:08:50.000,-0.012,-0.865,0.187,-46.5245,-3.018,-11.951,C,row,heavy,1
2019-01-15 14:08:50.200,0.011,-0.9353333333333332,0.077,-45.2926,-4.4758,-9.7316,C,row,heavy,7
2019-01-15 14:08:50.400,0.0209999999999999,-1.0125,-0.013,-22.6832,-10.183,-6.548599999999999,C,row,heavy,6
2019-01-15 14:08:50.600,0.032,-1.032333333333333,-0.0726666666666666,-1.5732,-6.2928,0.2803999999999999,C,row,heavy,6
2019-01-15 14:08:50.800,0.0225,-1.0845,-0.1159999999999999,5.0608,-0.5002000000000001,4.2804,C,row,heavy,3
2019-01-15 14:08:51.000,0.03,-1.2806666666666666,-0.148,6.549,-4.3172,1.1342,C,row,heavy,4
2019-01-15 14:08:51.200,0.053,-1.472,-0.178,32.4148,-29.878,-23.4634,C,row,heavy,4
2019-01-15 14:08:51.400,0.1766666666666666,-1.1676666666666666,0.0766666666666666,37.6342,-29.8782,-30.9636,C,row,heavy,5
2019-01-15 14:08:51.600,0.1175,-0.4735,0.105,33.6828,-11.439,6.9024,C,row,heavy,1
2019-01-15 14:08:51.800,0.1293333333333333,-0.4986666666666666,0.1989999999999999,-20.939,21.9146,10.939,C,row,heavy,7
2019-01-15 14:08:52.000,0.1535,-1.156,0.137,-48.0124,13.6464,21.6586,C,row,heavy,1
2019-01-15 14:08:52.200,0.074,-1.1353333333333333,-0.018,-22.5,4.7684,9.8172,C,row,heavy,3
2019-01-15 14:08:52.400,0.0315,-1.0465,-0.0655,-5.073,4.4636,2.8416,C,row,heavy,1
2019-01-15 14:08:52.600,0.0436666666666666,-1.2956666666666667,-0.1153333333333333,10.3048,5.0124,-4.9634,C,row,heavy,5
2019-01-15 14:08:52.800,0.12,-1.4395,-0.073,48.7194,-19.012,-30.3536,C,row,heavy,7
2019-01-15 14:08:53.000,0.2126666666666666,-1.0406666666666666,0.1676666666666666,57.64639999999999,-41.6706,-31.817,C,row,heavy,2
2019-01-15 14:08:53.200,0.0775,-0.0879999999999999,0.2585,0.939,43.1464,0.4633999999999998,C,row,heavy,3
2019-01-15 14:08:53.400,0.1426666666666666,-0.7246666666666668,0.1033333333333333,-49.3538,-5.9510000000000005,39.2072,C,row,heavy,7
2019-01-15 14:08:53.600,0.152,-1.2945,0.0584999999999999,-48.9024,12.5244,18.5368,C,row,heavy,1
2019-01-15 14:08:53.800,0.0566666666666666,-1.134,-0.0383333333333333,-12.4148,3.4266,10.622,C,row,heavy,1
2019-01-15 14:08:54.000,0.0569999999999999,-1.1975,-0.0829999999999999,9.0852,2.9878,-3.4758000000000004,C,row,heavy,7
2019-01-15 14:08:54.200,0.075,-1.4720000000000002,-0.107,40.0366,-38.0852,-22.988,C,row,heavy,7
2019-01-15 14:08:54.400,0.2594999999999999,-1.132,0.1955,51.0732,-23.2194,-32.8782,C,row,heavy,2
2019-01-15 14:08:54.600,0.1143333333333333,-0.3923333333333333,0.1186666666666666,29.8294,2.2192000000000003,8.5364,C,row,heavy,1
2019-01-15 14:08:54.800,0.1275,-0.5365,0.2545,-37.2316,24.061,13.268200000000002,C,row,heavy,4
2019-01-15 14:08:55.000,0.1566666666666666,-1.1506666666666667,0.157,-66.0,18.3536,27.1952,C,row,heavy,6
2019-01-15 14:08:55.200,0.0424999999999999,-1.1705,-0.0689999999999999,-28.171,1.2684,10.0244,C,row,heavy,7
2019-01-15 14:08:55.400,0.0333333333333333,-1.0773333333333337,-0.0806666666666666,2.939,2.0978000000000003,-0.6096,C,row,heavy,1
2019-01-15 14:08:55.600,0.0445,-1.312,-0.1149999999999999,16.9022,2.7684,-6.1098,C,row,heavy,3
2019-01-15 14:08:55.800,0.0959999999999999,-1.4246666666666667,-0.0753333333333333,49.5976,-30.110000000000003,-31.6098,C,row,heavy,5
2019-01-15 14:08:56.000,0.2744999999999999,-1.078,0.2135,50.4146,-29.9512,-17.9146,C,row,heavy,4
2019-01-15 14:08:56.200,0.0756666666666666,-0.264,0.1149999999999999,19.3292,6.3414,10.1218,C,row,heavy,7
2019-01-15 14:08:56.400,0.2115,-0.6845,0.265,-47.5852,26.0854,12.4024,C,row,heavy,6
2019-01-15 14:08:56.600,0.149,-1.1773333333333331,0.118,-58.43920000000001,15.170600000000002,27.2074,C,row,heavy,2
2019-01-15 14:08:56.800,0.023,-1.1855,-0.0569999999999999,-21.3414,-1.3416,10.4636,C,row,heavy,7
2019-01-15 14:08:57.000,0.031,-1.0793333333333333,-0.089,1.3902,1.8052,1.6951999999999998,C,row,heavy,4
2019-01-15 14:08:57.200,0.027,-1.3425,-0.121,17.2196,-0.0609999999999999,-10.683,C,row,heavy,1
2019-01-15 14:08:57.400,0.0913333333333333,-1.3606666666666667,-0.0429999999999999,46.3658,-22.9756,-32.4148,C,row,heavy,4
2019-01-15 14:08:57.600,0.2425,-1.035,0.181,56.45119999999999,-31.8656,-21.2926,C,row,heavy,3
2019-01-15 14:08:57.800,0.1173333333333333,-0.4213333333333333,0.166,24.6584,25.7316,12.2684,C,row,heavy,1
2019-01-15 14:08:58.000,0.162,-0.563,0.2799999999999999,-34.317,10.2318,6.3294,C,row,heavy,2
2019-01-15 14:08:58.200,0.1693333333333333,-1.069,0.211,-69.39020000000001,15.865800000000002,26.2074,C,row,heavy,6
2019-01-15 14:08:58.400,0.0445,-1.254,-0.008,-27.9512,1.9512,15.1832,C,row,heavy,6
2019-01-15 14:08:58.600,0.0186666666666666,-1.1786666666666668,-0.079,1.817,-2.2926,1.4389999999999998,C,row,heavy,1
2019-01-15 14:08:58.800,0.024,-1.001,-0.046,3.7074,-3.634,-0.3294,C,row,heavy,1
2019-01-15 14:08:59.000,0.0203333333333333,-1.0033333333333332,-0.0499999999999999,-3.317,-0.012,-0.4757999999999999,C,row,heavy,5
2019-01-15 14:08:59.200,0.019,-0.9975,-0.0849999999999999,-0.9634,-6.6706,-0.9514,C,row,heavy,3
2019-01-15 19:06:31.800,0.4273333333333333,0.6576666666666667,0.5783333333333333,1.0,-3.2318,0.5366,C,squat,heavy,6
2019-01-15 19:06:32.000,0.43,0.665,0.575,3.915,-4.744,-0.8538,C,squat,heavy,5
2019-01-15 19:06:32.200,0.3923333333333333,0.604,0.5206666666666667,1.5246,-4.3658,-1.0,C,squat,heavy,6
2019-01-15 19:06:32.400,0.3745,0.59,0.5075000000000001,0.3901999999999999,-4.171,-1.6707999999999998,C,squat,heavy,5
2019-01-15 19:06:32.600,0.4216666666666667,0.6503333333333333,0.5446666666666666,-5.7562,-3.3536,2.8048,C,squat,heavy,4
2019-01-15 19:06:32.800,0.4565,0.6835,0.5515000000000001,-1.6829999999999998,-4.634,-1.2194,C,squat,heavy,3
2019-01-15 19:06:33.000,0.4646666666666666,0.668,0.6006666666666667,-12.183,-1.9756,2.5242,C,squat,heavy,7
2019-01-15 19:06:33.200,0.471,0.639,0.633,-7.4998,-2.3048,2.0978000000000003,C,squat,heavy,3
2019-01-15 19:06:33.400,0.461,0.6153333333333334,0.642,-2.5366,-3.6098,2.488,C,squat,heavy,1
2019-01-15 19:06:33.600,0.5505,0.6895,0.7375,-2.8782,1.8902,5.3536,C,squat,heavy,5
2019-01-15 19:06:33.800,0.5703333333333334,0.7210000000000001,0.8170000000000001,-7.9756,12.2318,8.6218,C,squat,heavy,4
2019-01-15 19:06:34.000,0.489,0.5925,0.738,-12.3412,11.5364,9.4146,C,squat,heavy,5
2019-01-15 19:06:34.200,0.4566666666666667,0.543,0.7863333333333333,0.5974,10.8658,5.317,C,squat,heavy,6
2019-01-15 19:06:34.400,0.463,0.598,0.824,23.2806,-8.0122,-4.9636000000000005,C,squat,heavy,6
2019-01-15 19:06:34.600,0.3186666666666666,0.3853333333333333,0.5016666666666666,15.8538,-1.7194000000000005,-3.8902,C,squat,heavy,2
2019-01-15 19:06:34.800,0.2804999999999999,0.4205,0.3765,7.2316,-6.1706,6.243799999999999,C,squat,heavy,1
2019-01-15 19:06:35.000,0.4679999999999999,0.6846666666666666,0.7356666666666666,3.1462,-5.0974,-5.9268,C,squat,heavy,1
2019-01-15 19:06:35.200,0.3844999999999999,0.6094999999999999,0.548,4.8658,-17.317,-1.0366,C,squat,heavy,7
2019-01-15 19:06:35.400,0.4066666666666667,0.5696666666666667,0.5123333333333333,6.317,-20.0972,-9.0244,C,squat,heavy,3
2019-01-15 19:06:35.600,0.401,0.5075000000000001,0.484,-7.3782,-5.0488,2.7440000000000007,C,squat,heavy,6
2019-01-15 19:06:35.800,0.467,0.6126666666666667,0.549,-8.6342,-5.2682,3.683,C,squat,heavy,1
2019-01-15 19:06:36.000,0.5415000000000001,0.6665,0.6515,-13.7316,-3.5730000000000004,3.8294,C,squat,heavy,7
2019-01-15 19:06:36.200,0.5283333333333333,0.614,0.6416666666666667,-7.926599999999999,-2.7438,2.1708,C,squat,heavy,2
2019-01-15 19:06:36.400,0.5545,0.6214999999999999,0.6895,-5.8658,-2.2808,3.8052,C,squat,heavy,2
2019-01-15 19:06:36.600,0.6556666666666667,0.6829999999999999,0.8193333333333334,-11.1098,4.316800000000001,7.0244,C,squat,heavy,4
2019-01-15 19:06:36.800,0.608,0.5720000000000001,0.7895,-7.0732,10.6466,12.0852,C,squat,heavy,2
2019-01-15 19:06:37.000,0.5456666666666666,0.4816666666666666,0.769,7.7806,9.622,2.0488,C,squat,heavy,5
2019-01-15 19:06:37.200,0.5785,0.5680000000000001,0.853,4.5122,6.5852,1.2318000000000002,C,squat,heavy,7
2019-01-15 19:06:37.400,0.3823333333333333,0.4423333333333333,0.5883333333333334,37.6342,-7.0,-19.7316,C,squat,heavy,1
2019-01-15 19:06:37.600,0.2535,0.2565,0.3055,6.9266000000000005,4.1952,11.1586,C,squat,heavy,4
2019-01-15 19:06:37.800,0.4773333333333333,0.7466666666666666,0.6946666666666667,14.9998,-5.6222,-10.171,C,squat,heavy,5
2019-01-15 19:06:38.000,0.371,0.5675,0.487,-5.4146,-5.2928,-0.1222,C,squat,heavy,5
2019-01-15 19:06:38.200,0.4523333333333333,0.6723333333333333,0.633,2.0734000000000004,-8.622,-3.8294,C,squat,heavy,3
2019-01-15 19:06:38.400,0.4004999999999999,0.581,0.5055000000000001,6.0852,-16.7438,-2.5368000000000004,C,squat,heavy,2
2019-01-15 19:06:38.600,0.42,0.5696666666666667,0.5216666666666666,-4.4636,-13.3536,1.5244000000000002,C,squat,heavy,5
2019-01-15 19:06:38.800,0.429,0.5545,0.495,-13.5852,-1.439,5.6586,C,squat,heavy,2
2019-01-15 19:06:39.000,0.4909999999999999,0.5906666666666666,0.5676666666666667,-10.4878,-4.9878,2.0488,C,squat,heavy,1
2019-01-15 19:06:39.200,0.5455000000000001,0.61,0.6395,-11.4756,-0.3172,4.4514,C,squat,heavy,5
2019-01-15 19:06:39.400,0.546,0.5933333333333333,0.6806666666666666,-9.2072,-1.3658,6.5242,C,squat,heavy,1
2019-01-15 19:06:39.600,0.603,0.601,0.7375,-3.4758000000000004,-1.2318,5.4026,C,squat,heavy,6
2019-01-15 19:06:39.800,0.666,0.6216666666666667,0.8336666666666667,-10.7562,3.7926,9.7194,C,squat,heavy,2
2019-01-15 19:06:40.000,0.5985,0.4965,0.764,7.536799999999999,9.2442,4.488,C,squat,heavy,3
2019-01-15 19:06:40.200,0.5336666666666666,0.48,0.7466666666666667,6.0,11.573,3.4024,C,squat,heavy,4
2019-01-15 19:06:40.400,0.5714999999999999,0.5325,0.8254999999999999,10.0366,2.7072,2.6340000000000003,C,squat,heavy,3
2019-01-15 19:06:40.600,0.4526666666666666,0.5236666666666666,0.6890000000000001,26.9026,-4.744,-14.256,C,squat,heavy,1
2019-01-15 19:06:40.800,0.2205,0.204,0.2865,8.0366,2.0,7.4756,C,squat,heavy,6
2019-01-15 19:06:41.000,0.4986666666666666,0.6763333333333333,0.6886666666666666,6.4636,-7.5366,-4.439,C,squat,heavy,5
2019-01-15 19:06:41.200,0.4245,0.509,0.4875,-3.4756,-4.695,3.061,C,squat,heavy,6
2019-01-15 19:06:41.400,0.5106666666666667,0.6433333333333334,0.6606666666666666,3.8902,-5.756,-3.9878,C,squat,heavy,5
2019-01-15 19:06:41.600,0.45,0.5725,0.5509999999999999,3.341600000000001,-7.2072,-0.1342,C,squat,heavy,6
2019-01-15 19:06:41.800,0.4783333333333333,0.6113333333333334,0.5593333333333333,10.9512,-12.9148,-6.3778,C,squat,heavy,4
2019-01-15 19:06:42.000,0.426,0.513,0.502,-7.2804,-1.8658,1.0244000000000002,C,squat,heavy,2
2019-01-15 19:06:42.200,0.4176666666666667,0.52,0.5023333333333333,-17.5124,-0.5366,8.7072,C,squat,heavy,3
2019-01-15 19:06:42.400,0.5389999999999999,0.6014999999999999,0.625,-11.2072,-5.207199999999999,2.6708000000000003,C,squat,heavy,6
2019-01-15 19:06:42.600,0.5596666666666666,0.5793333333333334,0.6683333333333333,-17.0124,-3.5364000000000004,3.0976,C,squat,heavy,4
2019-01-15 19:06:42.800,0.5660000000000001,0.527,0.7044999999999999,-6.439,-0.8901999999999999,1.5368,C,squat,heavy,3
2019-01-15 19:06:43.000,0.6213333333333333,0.556,0.7796666666666666,-8.0488,1.0246,3.2928,C,squat,heavy,6
2019-01-15 19:06:43.200,0.6715,0.565,0.888,-6.146,5.2194,6.1096,C,squat,heavy,7
2019-01-15 19:06:43.400,0.5630000000000001,0.465,0.7683333333333334,2.6220000000000003,5.6342,5.3538,C,squat,heavy,2
2019-01-15 19:06:43.600,0.5275000000000001,0.441,0.7595000000000001,13.341399999999998,4.0,-1.0608,C,squat,heavy,7
2019-01-15 19:06:43.800,0.5653333333333334,0.5346666666666667,0.8406666666666666,13.671,0.7682,-0.8537999999999999,C,squat,heavy,2
2019-01-15 19:06:44.000,0.501,0.5615,0.714,33.122,-5.2804,-15.0976,C,squat,heavy,2
2019-01-15 19:06:44.200,0.2693333333333333,0.2683333333333333,0.331,-5.2318,10.6342,9.0368,C,squat,heavy,5
2019-01-15 19:06:44.400,0.4725,0.7235,0.6595,13.4512,-13.7196,-9.378,C,squat,heavy,6
2019-01-15 19:06:44.600,0.4473333333333333,0.5716666666666667,0.5983333333333333,0.4512,-3.4758,-1.9024,C,squat,heavy,7
2019-01-15 19:06:44.800,0.4895,0.6645000000000001,0.6865,0.7198,-3.512,0.7316,C,squat,heavy,6
2019-01-15 19:06:45.000,0.4573333333333333,0.6006666666666667,0.5753333333333334,-2.8414,-5.9758,3.5366,C,squat,heavy,6
2019-01-15 19:06:45.200,0.4955,0.6214999999999999,0.6185,0.1586,-4.878,1.9146,C,squat,heavy,3
2019-01-15 19:06:45.400,0.494,0.604,0.5963333333333334,8.4878,-5.756,-1.8658,C,squat,heavy,1
2019-01-15 19:06:45.600,0.4945,0.6275,0.5785,3.6586,-3.366,-0.4634,C,squat,heavy,1
2019-01-15 19:06:45.800,0.4213333333333333,0.5373333333333333,0.4856666666666667,1.7195999999999998,-5.7924,-2.4026,C,squat,heavy,4
2019-01-15 19:06:46.000,0.3975,0.4715,0.4775,-22.573,1.6586,10.4146,C,squat,heavy,2
2019-01-15 19:06:46.200,0.5046666666666666,0.5616666666666666,0.609,-4.439,-5.5732,0.4880000000000001,C,squat,heavy,3
2019-01-15 19:06:46.400,0.551,0.603,0.653,-10.719399999999998,-2.451,2.6098000000000003,C,squat,heavy,6
2019-01-15 19:06:46.600,0.573,0.5696666666666667,0.726,-16.378,-0.2927999999999998,7.7804,C,squat,heavy,6
2019-01-15 19:06:46.800,0.622,0.569,0.7865,-0.1951999999999999,-3.6828,0.7437999999999999,C,squat,heavy,2
2019-01-15 19:06:47.000,0.6533333333333333,0.5823333333333333,0.836,-5.939,2.9878,4.9512,C,squat,heavy,2
2019-01-15 19:06:47.200,0.5834999999999999,0.47,0.744,-1.4758,6.2928,7.646599999999999,C,squat,heavy,1
2019-01-15 19:06:47.400,0.537,0.4496666666666666,0.7210000000000001,14.0488,4.5244,-4.5,C,squat,heavy,6
2019-01-15 19:06:47.600,0.552,0.5285,0.782,17.5364,3.1828,-2.5856000000000003,C,squat,heavy,3
2019-01-15 19:06:47.800,0.5393333333333333,0.6143333333333333,0.7843333333333332,15.7928,0.8291999999999998,-6.1096,C,squat,heavy,4
2019-01-15 19:06:48.000,0.2715,0.272,0.37,11.6464,-0.3902000000000001,-6.0364,C,squat,heavy,1
2019-01-15 19:06:48.200,0.423,0.549,0.5473333333333333,-4.231400000000001,-3.4512,6.1342,C,squat,heavy,5
2019-01-15 19:06:48.400,0.4905,0.5945,0.605,-0.0975999999999997,-1.9024,-5.4024,C,squat,heavy,5
2019-01-15 19:11:56.000,0.333,0.546,0.675,3.3294,-5.2682,4.622,C,squat,heavy,7
2019-01-15 19:11:56.200,0.4044999999999999,0.59,0.784,11.5368,-5.5366,1.9634,C,squat,heavy,1
2019-01-15 19:11:56.400,0.356,0.5663333333333334,0.6973333333333334,6.9512,-2.951,0.5851999999999999,C,squat,heavy,4
2019-01-15 19:11:56.600,0.3455,0.655,0.6975,7.450999999999999,-3.1586,-1.9268,C,squat,heavy,4
2019-01-15 19:11:56.800,0.3366666666666666,0.6323333333333333,0.6193333333333334,8.170399999999999,-4.5364,-0.0487999999999999,C,squat,heavy,7
2019-01-15 19:11:57.000,0.3825,0.6705000000000001,0.6805,3.4636,-1.7439999999999998,0.1708,C,squat,heavy,7
2019-01-15 19:11:57.200,0.3466666666666667,0.6403333333333333,0.6303333333333333,5.5244,-4.0732,1.122,C,squat,heavy,1
2019-01-15 19:11:57.400,0.3665,0.678,0.653,-1.451,-2.7684,1.9754,C,squat,heavy,6
2019-01-15 19:11:57.600,0.3716666666666666,0.653,0.6256666666666667,-5.0242,-2.0368000000000004,3.7196,C,squat,heavy,2
2019-01-15 19:11:57.800,0.378,0.6405000000000001,0.63,-6.0122,-1.439,-0.244,C,squat,heavy,5
2019-01-15 19:11:58.000,0.3326666666666666,0.5706666666666667,0.5883333333333333,0.2928,-3.1096,-2.7926,C,squat,heavy,1
2019-01-15 19:11:58.200,0.3275,0.5475000000000001,0.629,-7.1098,-2.4146,1.0488,C,squat,heavy,5
2019-01-15 19:11:58.400,0.3523333333333333,0.583,0.6403333333333333,5.3172,-5.878,-3.9878,C,squat,heavy,1
2019-01-15 19:11:58.600,0.379,0.621,0.6795,0.2318,-5.354,-2.3904,C,squat,heavy,3
2019-01-15 19:11:58.800,0.3826666666666667,0.6383333333333333,0.682,-3.6952,-4.8538,-0.195,C,squat,heavy,2
2019-01-15 19:11:59.000,0.4015,0.6365000000000001,0.6845,-5.5368,-3.4634,2.5366,C,squat,heavy,3
2019-01-15 19:11:59.200,0.3953333333333333,0.611,0.684,-5.7196,-1.7560000000000002,2.3904,C,squat,heavy,2
2019-01-15 19:11:59.400,0.4195,0.6125,0.7545,-10.0366,1.5732,7.0244,C,squat,heavy,7
2019-01-15 19:11:59.600,0.4776666666666667,0.6673333333333334,0.8843333333333333,-16.5366,5.5608,6.561,C,squat,heavy,3
2019-01-15 19:11:59.800,0.452,0.5775,0.8694999999999999,-10.793,12.3414,9.695,C,squat,heavy,2
2019-01-15 19:12:00.000,0.3823333333333333,0.48,0.826,0.1100000000000001,5.5488,4.9634,C,squat,heavy,1
2019-01-15 19:12:00.200,0.388,0.48,0.9135,8.0122,2.2316,3.2806000000000006,C,squat,heavy,7
2019-01-15 19:12:00.400,0.379,0.518,0.8930000000000001,35.2926,-9.5242,-10.6098,C,squat,heavy,1
2019-01-15 19:12:00.600,0.1835,0.248,0.3815,19.3782,-0.7195999999999998,1.4634,C,squat,heavy,1
2019-01-15 19:12:00.800,0.3096666666666667,0.579,0.5743333333333333,12.378,-12.3536,-5.0608,C,squat,heavy,4
2019-01-15 19:12:01.000,0.387,0.632,0.718,-15.317000000000002,0.3657999999999998,3.1588,C,squat,heavy,4
2019-01-15 19:12:01.200,0.3626666666666667,0.6236666666666667,0.6633333333333334,2.7806000000000006,-8.6098,-3.6704,C,squat,heavy,5
2019-01-15 19:12:01.400,0.3615,0.5745,0.625,11.5608,-13.2804,-0.9026,C,squat,heavy,3
2019-01-15 19:12:01.600,0.3513333333333333,0.5936666666666667,0.5883333333333334,5.3046,-10.8292,-3.927000000000001,C,squat,heavy,5
2019-01-15 19:12:01.800,0.3005,0.481,0.4815,-7.9632,-4.1466,3.0854000000000004,C,squat,heavy,1
2019-01-15 19:12:02.000,0.4106666666666667,0.5953333333333334,0.6293333333333334,-12.7806,0.2440000000000001,0.439,C,squat,heavy,7
2019-01-15 19:12:02.200,0.4405,0.649,0.7015,-5.3416,-2.6828,0.1951999999999999,C,squat,heavy,3
2019-01-15 19:12:02.400,0.4356666666666666,0.633,0.7303333333333333,-12.7316,1.2803999999999998,2.3414,C,squat,heavy,6
2019-01-15 19:12:02.600,0.431,0.6005,0.74,-6.9876000000000005,-0.3535999999999999,1.7681999999999998,C,squat,heavy,3
2019-01-15 19:12:02.800,0.463,0.6046666666666667,0.8216666666666667,-4.0364,2.6342,3.7686,C,squat,heavy,3
2019-01-15 19:12:03.000,0.4845,0.6205,0.897,-6.9268,9.2926,9.9388,C,squat,heavy,2
2019-01-15 19:12:03.200,0.4216666666666667,0.5296666666666666,0.8119999999999999,5.2316,8.122200000000001,2.5732,C,squat,heavy,7
2019-01-15 19:12:03.400,0.378,0.513,0.8085,11.0612,4.183,1.5002,C,squat,heavy,7
2019-01-15 19:12:03.600,0.4133333333333333,0.596,0.9073333333333332,5.9878,0.683,2.8904000000000005,C,squat,heavy,2
2019-01-15 19:12:03.800,0.3765,0.6140000000000001,0.8500000000000001,25.0974,-7.0976,-17.9758,C,squat,heavy,1
2019-01-15 19:12:04.000,0.1783333333333333,0.2206666666666666,0.3073333333333333,-15.1952,8.7926,19.8416,C,squat,heavy,6
2019-01-15 19:12:04.200,0.3395,0.679,0.7689999999999999,21.9024,-14.365799999999998,-9.1586,C,squat,heavy,1
2019-01-15 19:12:04.400,0.3659999999999999,0.5790000000000001,0.6846666666666668,6.1706,-11.1218,1.0122,C,squat,heavy,4
2019-01-15 19:12:04.600,0.3715,0.6605000000000001,0.6779999999999999,16.2682,-13.5488,-2.0246,C,squat,heavy,3
2019-01-15 19:12:04.800,0.399,0.673,0.636,6.8414,-4.0366,-0.1097999999999999,C,squat,heavy,5
2019-01-15 19:12:05.000,0.403,0.6825,0.6085,-4.2074,-2.5488,1.4756,C,squat,heavy,3
2019-01-15 19:12:05.200,0.383,0.6683333333333333,0.5356666666666667,9.9146,-12.7072,-5.0852,C,squat,heavy,2
2019-01-15 19:12:05.400,0.3369999999999999,0.546,0.473,-17.4512,-2.2806,2.2071999999999994,C,squat,heavy,6
2019-01-15 19:12:05.600,0.3566666666666667,0.5613333333333334,0.5253333333333333,-17.6584,2.1588000000000003,4.2194,C,squat,heavy,1
2019-01-15 19:12:05.800,0.4275,0.6415,0.6745,-10.0974,-1.89,1.8414,C,squat,heavy,5
2019-01-15 19:12:06.000,0.432,0.5976666666666667,0.725,-16.0732,-1.1708,4.939,C,squat,heavy,3
2019-01-15 19:12:06.200,0.4569999999999999,0.547,0.7595000000000001,-7.390000000000001,-2.2438,2.6830000000000003,C,squat,heavy,3
2019-01-15 19:12:06.400,0.485,0.5476666666666667,0.8206666666666665,-11.573,-0.4631999999999999,3.5486000000000004,C,squat,heavy,6
2019-01-15 19:12:06.600,0.527,0.587,0.9035,-3.4268,0.3416,2.0122,C,squat,heavy,7
2019-01-15 19:12:06.800,0.494,0.5263333333333333,0.8649999999999999,2.2806,8.6706,7.7074,C,squat,heavy,2
2019-01-15 19:12:07.000,0.4275,0.4705,0.7849999999999999,6.1098,5.9024,3.0366,C,squat,heavy,5
2019-01-15 19:12:07.200,0.4216666666666667,0.488,0.827,19.6708,4.8414,-2.9026,C,squat,heavy,4
2019-01-15 19:12:07.400,0.451,0.617,0.929,23.5608,-3.7074,-2.2682,C,squat,heavy,2
2019-01-15 19:12:07.600,0.316,0.4593333333333333,0.6383333333333333,13.5974,-2.0366,-14.280599999999998,C,squat,heavy,1
2019-01-15 19:12:07.800,0.198,0.303,0.206,-3.3658,1.8536,11.1462,C,squat,heavy,1
2019-01-15 19:12:08.000,0.4066666666666667,0.7223333333333333,0.8146666666666667,-1.1464,-1.3414,-5.6952,C,squat,heavy,4
2019-01-15 19:12:08.200,0.284,0.5335,0.5545,5.6464,-7.7194,4.5122,C,squat,heavy,5
2019-01-15 19:12:08.400,0.375,0.6386666666666666,0.7116666666666666,-1.5608,-4.4268,2.9756,C,squat,heavy,1
2019-01-15 19:12:08.600,0.3775,0.613,0.6639999999999999,8.3414,-6.1828,-0.5246000000000001,C,squat,heavy,4
2019-01-15 19:12:08.800,0.3893333333333333,0.631,0.6606666666666666,4.0854,-4.561,-0.2679999999999998,C,squat,heavy,4
2019-01-15 19:12:09.000,0.379,0.6245,0.5934999999999999,18.7438,-12.1952,-6.3292,C,squat,heavy,1
2019-01-15 19:12:09.200,0.302,0.4806666666666666,0.4776666666666667,-7.9758,0.8534,5.439,C,squat,heavy,6
2019-01-15 19:12:09.400,0.3615,0.6245,0.5345,-8.5244,-1.6707999999999998,2.0486,C,squat,heavy,7
2019-01-15 19:12:09.600,0.4486666666666667,0.6796666666666665,0.6913333333333332,-13.3292,-4.5488,0.4512,C,squat,heavy,7
2019-01-15 19:12:09.800,0.4495,0.6455,0.7084999999999999,-6.7316,-3.317,1.9146,C,squat,heavy,2
2019-01-15 19:12:10.000,0.4496666666666666,0.6143333333333333,0.7276666666666666,-14.6464,-1.7071999999999998,3.7926,C,squat,heavy,3
2019-01-15 19:12:10.200,0.4795,0.5945,0.772,-6.7196,0.915,2.4026,C,squat,heavy,1
2019-01-15 19:12:10.400,0.522,0.6226666666666666,0.8966666666666666,-18.5,4.732,8.1342,C,squat,heavy,3
2019-01-15 19:12:10.600,0.4585,0.5055000000000001,0.823,-2.805,6.6952,6.0732,C,squat,heavy,4
2019-01-15 19:12:10.800,0.416,0.4463333333333333,0.8003333333333332,6.695,4.0608,0.756,C,squat,heavy,1
2019-01-15 19:12:11.000,0.421,0.4965,0.8425,23.4512,3.0,-2.3536,C,squat,heavy,4
2019-01-15 19:12:11.200,0.4443333333333333,0.629,0.9133333333333334,19.5366,-3.8050000000000006,-8.0612,C,squat,heavy,7
2019-01-15 19:12:11.400,0.2205,0.283,0.443,10.134,5.9634,-2.1340000000000003,C,squat,heavy,1
2019-01-15 19:12:11.600,0.2643333333333333,0.5216666666666666,0.4843333333333333,18.122,-14.390199999999998,-3.0486000000000004,C,squat,heavy,5
2019-01-15 19:12:11.800,0.415,0.6775,0.7729999999999999,-11.7316,-2.0607999999999995,2.6342,C,squat,heavy,2
2019-01-15 19:12:12.000,0.373,0.6103333333333333,0.6273333333333333,5.622,-7.9754,-1.8294,C,squat,heavy,3
2019-01-15 19:12:12.200,0.365,0.625,0.643,-1.4754,-3.3656,1.6952000000000005,C,squat,heavy,7
2019-01-15 19:12:12.400,0.3803333333333333,0.646,0.6596666666666667,2.3778,-3.207,0.5731999999999999,C,squat,heavy,5
2019-01-15 19:12:12.600,0.3795,0.6185,0.6194999999999999,6.061,-4.2684,0.9512,C,squat,heavy,2
2019-01-15 19:12:12.800,0.3923333333333333,0.6483333333333333,0.605,11.0366,-8.7926,-2.4148,C,squat,heavy,6
2019-01-15 19:12:13.000,0.312,0.513,0.4935,-9.7562,-0.1585999999999998,2.8292,C,squat,heavy,2
2019-01-15 19:12:13.200,0.338,0.5103333333333333,0.5106666666666667,-13.9268,0.7682,6.573,C,squat,heavy,6
2019-01-15 19:12:13.400,0.434,0.63,0.709,-2.3904,-6.353800000000001,0.3902,C,squat,heavy,5
2019-01-15 19:12:13.600,0.4653333333333333,0.6496666666666667,0.739,-10.0608,-2.244,2.4266,C,squat,heavy,5
2019-01-15 19:12:13.800,0.4545,0.6134999999999999,0.7375,-6.878,-1.732,1.6830000000000005,C,squat,heavy,2
2019-01-15 19:12:14.000,0.4776666666666667,0.5923333333333333,0.7709999999999999,-1.4267999999999998,-1.4634,0.5119999999999999,C,squat,heavy,5
2019-01-15 19:12:14.200,0.5145,0.657,0.85,-7.1464,1.0366,0.8172,C,squat,heavy,5
2019-01-15 19:12:14.400,0.4783333333333333,0.5756666666666667,0.8026666666666666,-16.4876,8.0976,9.8536,C,squat,heavy,2
2019-01-15 19:12:14.600,0.425,0.48,0.7685,-6.5,9.3538,4.219799999999999,C,squat,heavy,2
2019-01-15 19:12:14.800,0.4013333333333333,0.4416666666666666,0.7973333333333333,3.2926,2.2074,1.8536,C,squat,heavy,1
2019-01-15 19:12:15.000,0.415,0.472,0.8685,16.5486,2.2196,0.9512,C,squat,heavy,3
2019-01-15 19:12:15.200,0.438,0.5833333333333334,0.944,14.5244,0.6219999999999999,-1.1586000000000003,C,squat,heavy,1
2019-01-15 19:12:15.400,0.2495,0.365,0.5965,22.183,1.5244,-11.7806,C,squat,heavy,5
2019-01-15 19:12:15.600,0.2276666666666666,0.3773333333333333,0.412,10.8416,-9.9144,6.4510000000000005,C,squat,heavy,3
2019-01-15 19:12:15.800,0.4605,0.7395,0.8905,-2.3048000000000006,-2.4148000000000005,-1.2196000000000002,C,squat,heavy,5
2019-01-15 19:12:16.000,0.371,0.536,0.613,0.2925999999999996,-7.9632,2.9756,C,squat,heavy,5
2019-01-15 19:12:16.200,0.4555,0.6345000000000001,0.744,-6.2074,-2.7682,0.4026,C,squat,heavy,3
2019-01-15 19:12:16.400,0.3903333333333333,0.5726666666666667,0.629,14.4756,-5.7682,2.439,C,squat,heavy,4
2019-01-15 19:12:16.600,0.4105,0.6575,0.7050000000000001,-2.3414,1.866,3.232,C,squat,heavy,1
2019-01-15 19:12:16.800,0.2734999999999999,0.692,0.636,-3.983666666666668,1.321,4.430666666666666,C,squat,heavy,3
2019-01-15 19:17:28.200,0.357,0.542,0.6395,-5.7196,-5.0,2.2316,C,squat,heavy,3
2019-01-15 19:17:28.400,0.4185,0.581,0.712,-0.4146000000000002,-6.378,-3.5732,C,squat,heavy,3
2019-01-15 19:17:28.600,0.4083333333333334,0.5796666666666667,0.7143333333333333,-3.9146,-6.634,-4.0244,C,squat,heavy,7
2019-01-15 19:17:28.800,0.434,0.5834999999999999,0.7455,-4.7194,-4.3538,-1.9632,C,squat,heavy,3
2019-01-15 19:17:29.000,0.4283333333333333,0.5723333333333332,0.7443333333333334,-8.9026,-2.7074,0.4875999999999999,C,squat,heavy,1
2019-01-15 19:17:29.200,0.4815,0.627,0.8694999999999999,-13.622,3.439,4.878,C,squat,heavy,5
2019-01-15 19:17:29.400,0.4863333333333333,0.5803333333333334,0.9313333333333332,-11.5612,5.744,8.0608,C,squat,heavy,3
2019-01-15 19:17:29.600,0.413,0.4659999999999999,0.8374999999999999,1.1584,7.8172,8.061,C,squat,heavy,4
2019-01-15 19:17:29.800,0.3963333333333333,0.4696666666666667,0.8436666666666667,13.1828,3.6706,1.5,C,squat,heavy,5
2019-01-15 19:17:30.000,0.4365,0.54,0.9425,3.7436000000000007,-2.0732,2.1584000000000003,C,squat,heavy,1
2019-01-15 19:17:30.200,0.3126666666666666,0.41,0.6583333333333333,39.1342,-13.219400000000002,-17.0122,C,squat,heavy,2
2019-01-15 19:17:30.400,0.2085,0.266,0.3505,-8.866,7.377800000000001,18.4754,C,squat,heavy,1
2019-01-15 19:17:30.600,0.423,0.6803333333333333,0.7839999999999999,14.3538,-12.7072,-10.9388,C,squat,heavy,2
2019-01-15 19:17:30.800,0.353,0.5145,0.5625,-4.866,-6.3536,3.3536,C,squat,heavy,5
2019-01-15 19:17:31.000,0.4146666666666667,0.6106666666666666,0.6933333333333334,14.9512,-11.4268,-6.6586,C,squat,heavy,5
2019-01-15 19:17:31.200,0.3815,0.6205,0.5705,13.634200000000002,-12.914600000000002,-7.0244,C,squat,heavy,4
2019-01-15 19:17:31.400,0.361,0.5219999999999999,0.5263333333333334,-6.9878,-8.9392,0.0367999999999999,C,squat,heavy,4
2019-01-15 19:17:31.600,0.3765,0.5365,0.5565,-9.4144,0.5123999999999999,2.4756,C,squat,heavy,3
2019-01-15 19:17:31.800,0.45,0.642,0.66,-19.1952,-0.7193999999999999,2.4026,C,squat,heavy,1
2019-01-15 19:17:32.000,0.4515,0.5954999999999999,0.7030000000000001,-9.6952,-2.293,0.5973999999999998,C,squat,heavy,5
2019-01-15 19:17:32.200,0.476,0.566,0.7643333333333334,-11.4754,-0.6706,3.7806,C,squat,heavy,5
2019-01-15 19:17:32.400,0.5055000000000001,0.5660000000000001,0.8240000000000001,-10.3046,0.683,4.4636,C,squat,heavy,4
2019-01-15 19:17:32.600,0.5386666666666667,0.5876666666666667,0.92,-6.6218,3.7804,3.7684,C,squat,heavy,3
2019-01-15 19:17:32.800,0.481,0.486,0.864,-1.9268,7.9268,8.488,C,squat,heavy,3
2019-01-15 19:17:33.000,0.4283333333333333,0.447,0.7840000000000001,9.1706,3.8534,1.7805999999999995,C,squat,heavy,3
2019-01-15 19:17:33.200,0.4665,0.4985,0.8905000000000001,7.3172,3.5608000000000004,4.7436,C,squat,heavy,1
2019-01-15 19:17:33.400,0.4426666666666667,0.5403333333333333,0.8573333333333334,24.6344,-3.8902,-5.7438,C,squat,heavy,1
2019-01-15 19:17:33.600,0.2125,0.2209999999999999,0.3905,8.9024,5.8658,0.9878,C,squat,heavy,6
2019-01-15 19:17:33.800,0.3426666666666667,0.5616666666666666,0.6026666666666666,19.9878,-14.512,-3.9636,C,squat,heavy,1
2019-01-15 19:17:34.000,0.401,0.5720000000000001,0.6785,-5.4634,-0.9880000000000002,-0.8292000000000002,C,squat,heavy,4
2019-01-15 19:17:34.200,0.4019999999999999,0.6353333333333334,0.6863333333333334,0.5973999999999997,-4.4756,-2.1952000000000003,C,squat,heavy,7
2019-01-15 19:17:34.400,0.384,0.5675,0.6134999999999999,-3.1950000000000003,-3.8902,0.2438,C,squat,heavy,4
2019-01-15 19:17:34.600,0.411,0.6133333333333333,0.677,7.7196,-4.6342,-2.7074000000000003,C,squat,heavy,6
2019-01-15 19:17:34.800,0.367,0.5814999999999999,0.5720000000000001,14.414600000000002,-13.3536,-4.805,C,squat,heavy,6
2019-01-15 19:17:35.000,0.328,0.4673333333333334,0.5116666666666667,-10.2926,-3.9878,2.9146,C,squat,heavy,4
2019-01-15 19:17:35.200,0.389,0.5505,0.5874999999999999,-15.6096,1.3416,6.670999999999999,C,squat,heavy,2
2019-01-15 19:17:35.400,0.469,0.6053333333333333,0.7323333333333334,-5.121599999999999,-2.4268,1.866,C,squat,heavy,5
2019-01-15 19:17:35.600,0.473,0.5985,0.754,-12.4146,-1.1954,2.9268,C,squat,heavy,5
2019-01-15 19:17:35.800,0.4873333333333333,0.5516666666666667,0.767,-7.244,-1.0854,3.2194,C,squat,heavy,4
2019-01-15 19:17:36.000,0.5475,0.6134999999999999,0.9045,-12.1096,4.817,4.7684,C,squat,heavy,5
2019-01-15 19:17:36.200,0.5096666666666666,0.5393333333333333,0.8886666666666666,-2.9754,3.622,2.756,C,squat,heavy,7
2019-01-15 19:17:36.400,0.4395,0.443,0.7965,-2.0485999999999995,7.244,4.646599999999999,C,squat,heavy,6
2019-01-15 19:17:36.600,0.4113333333333333,0.444,0.8076666666666666,10.6218,2.9268,0.1342,C,squat,heavy,5
2019-01-15 19:17:36.800,0.4505,0.506,0.903,12.0854,3.0854,4.0002,C,squat,heavy,3
2019-01-15 19:17:37.000,0.4096666666666667,0.5599999999999999,0.8376666666666667,28.9392,-9.292599999999998,-9.6462,C,squat,heavy,3
2019-01-15 19:17:37.200,0.177,0.1895,0.301,2.3534,3.5732,5.3904,C,squat,heavy,7
2019-01-15 19:17:37.400,0.4003333333333334,0.622,0.71,2.5852000000000004,-9.7682,-3.6706,C,squat,heavy,4
2019-01-15 19:17:37.600,0.3875,0.4805,0.6035,-4.573,-5.0612,1.0852,C,squat,heavy,5
2019-01-15 19:17:37.800,0.423,0.605,0.742,4.561,-3.6098,-2.3782,C,squat,heavy,3
2019-01-15 19:17:38.000,0.376,0.528,0.6085,3.3414,-6.3658,1.927,C,squat,heavy,6
2019-01-15 19:17:38.200,0.4293333333333333,0.609,0.6849999999999999,9.232,-7.3538,-2.3172,C,squat,heavy,6
2019-01-15 19:17:38.400,0.3285,0.503,0.471,24.5976,-12.5366,-8.0366,C,squat,heavy,5
2019-01-15 19:17:38.600,0.3819999999999999,0.532,0.5339999999999999,-12.0978,0.2804,6.012,C,squat,heavy,6
2019-01-15 19:17:38.800,0.4535,0.638,0.618,-10.756,0.1466000000000001,3.7074,C,squat,heavy,5
2019-01-15 19:17:39.000,0.4696666666666667,0.6223333333333333,0.7016666666666667,-23.1706,1.427,5.634200000000001,C,squat,heavy,1
2019-01-15 19:17:39.200,0.4645,0.546,0.7395,-7.0242,-0.4145999999999999,1.1464,C,squat,heavy,3
2019-01-15 19:17:39.400,0.4746666666666666,0.5436666666666666,0.7799999999999999,-7.683,0.4026000000000002,1.1949999999999998,C,squat,heavy,1
2019-01-15 19:17:39.600,0.5365,0.591,0.903,-9.8048,3.2926,3.6096,C,squat,heavy,3
2019-01-15 19:17:39.800,0.4956666666666667,0.5353333333333333,0.8706666666666667,-1.6338,2.3048,2.5124000000000004,C,squat,heavy,3
2019-01-15 19:17:40.000,0.4565,0.4455,0.8185,-17.4512,10.146,11.1342,C,squat,heavy,4
2019-01-15 19:17:40.200,0.408,0.3939999999999999,0.7816666666666666,4.8536,1.8536,2.9148000000000005,C,squat,heavy,6
2019-01-15 19:17:40.400,0.4295,0.4275,0.8645,21.2076,-2.4146,-1.3534,C,squat,heavy,5
2019-01-15 19:17:40.600,0.4726666666666666,0.553,0.9416666666666668,21.378,0.1222,-0.7684,C,squat,heavy,3
2019-01-15 19:17:40.800,0.3565,0.4835,0.6815,28.6952,-4.146600000000001,-17.5366,C,squat,heavy,6
2019-01-15 19:17:41.000,0.242,0.2826666666666667,0.3533333333333333,-16.4146,2.4026,19.1952,C,squat,heavy,6
2019-01-15 19:17:41.200,0.4905,0.7295,0.9045,16.951,-10.1098,-14.438999999999998,C,squat,heavy,2
2019-01-15 19:17:41.400,0.3476666666666666,0.5339999999999999,0.6186666666666666,-4.1586,-4.2926,4.8048,C,squat,heavy,5
2019-01-15 19:17:41.600,0.4245,0.6325000000000001,0.7789999999999999,-6.4634,0.305,0.5730000000000002,C,squat,heavy,6
2019-01-15 19:17:41.800,0.385,0.553,0.6626666666666666,6.0974,-6.8902,0.0853999999999999,C,squat,heavy,3
2019-01-15 19:17:42.000,0.4215,0.5745,0.704,1.6218,-3.7316,-0.0366,C,squat,heavy,5
2019-01-15 19:17:42.200,0.421,0.5813333333333334,0.6743333333333333,6.646199999999999,-5.4878,0.0121999999999999,C,squat,heavy,2
2019-01-15 19:17:42.400,0.41,0.579,0.632,6.097799999999999,-6.5488,-0.8172,C,squat,heavy,7
2019-01-15 19:17:42.600,0.3483333333333333,0.487,0.5406666666666666,-8.6708,-0.4026,3.7318,C,squat,heavy,3
2019-01-15 19:17:42.800,0.365,0.507,0.5489999999999999,-5.2072,-2.89,1.6707999999999998,C,squat,heavy,2
2019-01-15 19:17:43.000,0.4653333333333333,0.569,0.7280000000000001,-15.0608,-2.122,2.5244,C,squat,heavy,3
2019-01-15 19:17:43.200,0.4705,0.5515000000000001,0.7385,-9.1586,-1.6952000000000005,1.3902,C,squat,heavy,2
2019-01-15 19:17:43.400,0.479,0.5123333333333333,0.789,-14.365799999999998,-0.622,2.5978000000000003,C,squat,heavy,7
2019-01-15 19:17:43.600,0.4725,0.4745,0.8085,-7.7072,-1.7074000000000005,1.3658,C,squat,heavy,5
2019-01-15 19:17:43.800,0.5403333333333333,0.5093333333333333,0.9283333333333332,-9.378,1.6832,3.8535999999999992,C,squat,heavy,4
2019-01-15 19:17:44.000,0.4995,0.438,0.9135,-5.8046,5.5488,7.317,C,squat,heavy,3
2019-01-15 19:17:44.200,0.4506666666666667,0.363,0.8163333333333332,-4.5854,6.9514,6.4146,C,squat,heavy,1
2019-01-15 19:17:44.400,0.4265,0.3385,0.837,10.5,2.073,-0.3536000000000001,C,squat,heavy,4
2019-01-15 19:17:44.600,0.428,0.415,0.8546666666666667,26.036400000000004,-1.8658,-8.0,C,squat,heavy,3
2019-01-15 19:17:44.800,0.469,0.537,0.9375,11.305,1.3414,2.9998,C,squat,heavy,7
2019-01-15 19:17:45.000,0.3313333333333333,0.4433333333333333,0.6883333333333334,17.122,-3.3658,-17.3292,C,squat,heavy,7
2019-01-15 19:17:45.200,0.221,0.2214999999999999,0.297,-5.5608,-0.1218000000000003,20.0122,C,squat,heavy,5
2019-01-15 19:17:45.400,0.473,0.6396666666666667,0.8556666666666667,24.3538,-10.61,-16.1098,C,squat,heavy,7
2019-01-15 19:28:15.800,0.0283333333333333,-0.9956666666666668,-0.271,6.744,-4.122,-2.7318,C,dead,medium,6
2019-01-15 19:28:16.000,0.0584999999999999,-1.052,-0.254,19.1464,1.6951999999999998,5.6096,C,dead,medium,2
2019-01-15 19:28:16.200,-0.0056666666666666,-1.1106666666666667,-0.167,15.6952,-9.9392,3.8292,C,dead,medium,7
2019-01-15 19:28:16.400,0.018,-1.287,-0.1385,8.0002,-10.3048,-1.4514,C,dead,medium,3
2019-01-15 19:28:16.600,0.0176666666666666,-1.1716666666666666,-0.1286666666666666,15.0244,-8.6464,1.2436,C,dead,medium,1
2019-01-15 19:28:16.800,0.0174999999999999,-0.9805,-0.059,27.6466,-7.3292,-1.4024,C,dead,medium,7
2019-01-15 19:28:17.000,0.0223333333333333,-0.7553333333333333,0.0453333333333333,63.6586,-15.3416,-1.2439999999999998,C,dead,medium,5
2019-01-15 19:28:17.200,0.047,-0.749,0.291,43.5976,-4.5364,6.2072,C,dead,medium,5
2019-01-15 19:28:17.400,0.018,-0.9436666666666668,0.3816666666666666,-3.2316000000000003,0.0732,0.988,C,dead,medium,6
2019-01-15 19:28:17.600,0.022,-0.91,0.4065,-26.5366,-0.9634,0.3414,C,dead,medium,2
2019-01-15 19:28:17.800,0.0063333333333333,-0.8816666666666667,0.2376666666666667,-45.2074,-14.561000000000002,-1.3902,C,dead,medium,4
2019-01-15 19:28:18.000,0.023,-0.8935,0.104,-42.7196,-3.939200000000001,2.2438,C,dead,medium,4
2019-01-15 19:28:18.200,0.017,-0.9893333333333332,0.0013333333333333,-8.5974,-7.7562,5.8294,C,dead,medium,4
2019-01-15 19:28:18.400,-0.011,-1.035,-0.035,6.426599999999999,0.6952,2.8172,C,dead,medium,3
2019-01-15 19:28:18.600,-0.0006666666666666,-1.037,-0.0533333333333333,5.9512,6.7926,5.7562,C,dead,medium,5
2019-01-15 19:28:18.800,-0.027,-1.12,-0.0535,-5.877799999999999,-1.4512,-3.5490000000000004,C,dead,medium,3
2019-01-15 19:28:19.000,0.0313333333333333,-1.2126666666666666,-0.052,-4.634,9.5976,-2.1098,C,dead,medium,7
2019-01-15 19:28:19.200,0.0,-1.059,-0.0414999999999999,2.8782000000000005,4.7196,1.0490000000000002,C,dead,medium,2
2019-01-15 19:28:19.400,-0.0193333333333333,-1.269,-0.0916666666666666,3.1340000000000003,-4.0122,4.0002,C,dead,medium,7
2019-01-15 19:28:19.600,-0.0105,-1.2574999999999998,-0.0635,-3.6708000000000007,-0.5486000000000001,-3.683,C,dead,medium,7
2019-01-15 19:28:19.800,-0.003,-1.0963333333333332,-0.0566666666666666,13.2558,-3.756,-3.8172,C,dead,medium,3
2019-01-15 19:28:20.000,0.004,-0.8815,0.008,42.3782,-0.2561999999999997,-4.7074,C,dead,medium,4
2019-01-15 19:28:20.200,0.0523333333333333,-0.6936666666666667,0.1646666666666666,63.78060000000001,-17.878,1.6216000000000002,C,dead,medium,6
2019-01-15 19:28:20.400,0.037,-0.9125,0.3425,20.0854,-0.1949999999999999,4.049,C,dead,medium,4
2019-01-15 19:28:20.600,0.0459999999999999,-0.9243333333333332,0.399,-16.8172,-3.3416,4.3656,C,dead,medium,6
2019-01-15 19:28:20.800,0.0375,-0.8725,0.2815,-40.8536,-9.695,1.317,C,dead,medium,6
2019-01-15 19:28:21.000,0.0303333333333333,-0.882,0.15,-45.6342,-4.8536,3.5852000000000004,C,dead,medium,4
2019-01-15 19:28:21.200,0.0045,-1.01,0.07,-19.7318,-3.0852,4.1218,C,dead,medium,6
2019-01-15 19:28:21.400,-0.0023333333333333,-0.982,-0.0253333333333333,-1.5488,-9.4636,4.0124,C,dead,medium,4
2019-01-15 19:28:21.600,-0.0125,-1.0195,-0.0655,3.4756,7.597399999999999,2.2318,C,dead,medium,4
2019-01-15 19:28:21.800,-0.0056666666666666,-1.132,-0.024,-5.792800000000001,7.5854,-3.305,C,dead,medium,2
2019-01-15 19:28:22.000,-0.0144999999999999,-1.3199999999999998,-0.0969999999999999,-0.1097999999999997,-1.3047999999999995,-8.0366,C,dead,medium,7
2019-01-15 19:28:22.200,0.038,-1.039,-0.0139999999999999,6.0976,-2.0244000000000004,-1.1584,C,dead,medium,1
2019-01-15 19:28:22.400,0.0809999999999999,-1.1385,-0.0265,4.3658,6.1342,8.9144,C,dead,medium,5
2019-01-15 19:28:22.600,-0.002,-1.2856666666666667,-0.038,-2.7926,-3.2928,2.1342,C,dead,medium,7
2019-01-15 19:28:22.800,0.009,-1.1995,-0.062,-3.1462000000000003,-0.2072,-1.9876,C,dead,medium,2
2019-01-15 19:28:23.000,0.0066666666666666,-1.003,-0.0286666666666666,24.3902,-1.4146,-4.561,C,dead,medium,5
2019-01-15 19:28:23.200,0.039,-0.7435,0.073,67.8048,-8.3658,-4.7194,C,dead,medium,7
2019-01-15 19:28:23.400,0.0533333333333333,-0.758,0.2943333333333333,50.0124,-2.2558,0.2683999999999999,C,dead,medium,2
2019-01-15 19:28:23.600,0.055,-0.9275,0.423,-0.5,-2.5974,4.2682,C,dead,medium,4
2019-01-15 19:28:23.800,0.0533333333333333,-0.9043333333333332,0.3999999999999999,-29.0976,-2.2072000000000003,3.1830000000000003,C,dead,medium,1
2019-01-15 19:28:24.000,0.046,-0.836,0.223,-53.59740000000001,-4.3414,4.0366,C,dead,medium,1
2019-01-15 19:28:24.200,0.0163333333333333,-0.9496666666666668,0.0976666666666666,-38.4144,-6.2562,4.244,C,dead,medium,3
2019-01-15 19:28:24.400,0.0075,-1.027,0.044,-12.2682,-4.049,3.0488,C,dead,medium,7
2019-01-15 19:28:24.600,-0.0046666666666666,-0.9756666666666668,-0.0343333333333333,3.0854,-1.1952000000000005,3.927,C,dead,medium,2
2019-01-15 19:28:24.800,-0.011,-1.0385,-0.038,2.622,6.4998000000000005,1.2806000000000002,C,dead,medium,6
2019-01-15 19:28:25.000,-0.0113333333333333,-1.137,-0.0513333333333333,-6.9512,1.6342,-4.1464,C,dead,medium,4
2019-01-15 19:28:25.200,0.0935,-1.3065,-0.055,-2.3658,0.3539999999999997,0.4756,C,dead,medium,5
2019-01-15 19:28:25.400,0.041,-1.0606666666666666,-0.0673333333333333,6.4878,5.8414,0.3411999999999999,C,dead,medium,7
2019-01-15 19:28:25.600,-0.0279999999999999,-1.3045,-0.058,5.3046,-1.7559999999999998,0.2808,C,dead,medium,4
2019-01-15 19:28:25.800,0.0163333333333333,-1.2033333333333334,-0.038,-3.4512,1.8294,0.7682,C,dead,medium,3
2019-01-15 19:28:26.000,-0.0115,-1.1075,-0.0705,16.1218,0.3415999999999999,-1.5244,C,dead,medium,5
2019-01-15 19:28:26.200,0.0133333333333333,-0.8530000000000001,0.0103333333333333,47.8418,-3.3292,-3.6828,C,dead,medium,4
2019-01-15 19:28:26.400,0.0655,-0.639,0.2309999999999999,69.99980000000001,-20.5732,5.4878,C,dead,medium,4
2019-01-15 19:28:26.600,0.0376666666666666,-0.902,0.381,18.1828,-0.1342000000000002,2.5976,C,dead,medium,1
2019-01-15 19:28:26.800,0.0365,-0.9005000000000001,0.455,-18.6098,0.1217999999999999,4.6708,C,dead,medium,7
2019-01-15 19:28:27.000,0.0176666666666666,-0.878,0.317,-47.0488,-2.1828,3.1342,C,dead,medium,7
2019-01-15 19:28:27.200,0.0025,-0.912,0.177,-46.5244,-2.6832000000000003,-0.4266,C,dead,medium,2
2019-01-15 19:28:27.400,0.0023333333333333,-0.9756666666666668,0.0843333333333333,-25.5122,-2.866,0.3412,C,dead,medium,1
2019-01-15 19:28:27.600,0.009,-0.9755,-0.0065,-11.3292,-6.219399999999999,4.1706,C,dead,medium,2
2019-01-15 19:28:27.800,-0.001,-1.0166666666666666,-0.0616666666666666,-3.0124000000000004,-2.5607999999999995,4.3778,C,dead,medium,7
2019-01-15 19:28:28.000,-0.0145,-1.088,-0.0765,3.4144000000000005,4.4634,1.8168,C,dead,medium,5
2019-01-15 19:28:28.200,-0.0226666666666666,-1.1293333333333333,-0.077,-3.7316,4.1342,-6.1706,C,dead,medium,2
2019-01-15 19:28:28.400,0.0419999999999999,-1.2855,-0.077,2.8538,-0.2681999999999999,-0.1098000000000001,C,dead,medium,2
2019-01-15 19:28:28.600,0.031,-1.042,-0.068,5.6218,5.061,3.2684,C,dead,medium,5
2019-01-15 19:28:28.800,-0.049,-1.2235,-0.106,5.6464,-0.756,4.0242,C,dead,medium,4
2019-01-15 19:28:29.000,-0.0193333333333333,-1.2283333333333333,-0.0633333333333333,-3.2196,-0.0487999999999999,-1.4754,C,dead,medium,1
2019-01-15 19:28:29.200,-0.0065,-1.125,-0.0755,8.6464,2.756,2.8902,C,dead,medium,3
2019-01-15 19:28:29.400,-0.0163333333333333,-0.936,-0.011,26.6098,-2.8172,-5.4998,C,dead,medium,1
2019-01-15 19:28:29.600,0.019,-0.829,0.1035,54.95119999999999,-9.9268,-3.0854,C,dead,medium,1
2019-01-15 19:28:29.800,0.0373333333333333,-0.7846666666666667,0.2746666666666666,49.6706,-11.3292,1.1949999999999998,C,dead,medium,5
2019-01-15 19:28:30.000,0.022,-0.9425,0.4509999999999999,6.805,-1.7926000000000002,4.3902,C,dead,medium,2
2019-01-15 19:28:30.200,0.0406666666666666,-0.9116666666666668,0.4093333333333333,-15.0974,0.3169999999999999,3.9512,C,dead,medium,3
2019-01-15 19:28:30.400,0.0195,-0.882,0.3395,-37.7684,0.6951999999999998,4.256,C,dead,medium,7
2019-01-15 19:28:30.600,-0.0036666666666666,-0.898,0.1836666666666666,-47.9756,1.7804000000000002,2.1952,C,dead,medium,2
2019-01-15 19:28:30.800,-0.031,-1.03,0.0785,-27.7562,-0.5974000000000002,1.9392000000000005,C,dead,medium,4
2019-01-15 19:28:31.000,-0.043,-0.981,-0.016,-9.317,-10.5732,4.0364,C,dead,medium,1
2019-01-15 19:28:31.200,-0.0225,-0.982,-0.053,4.183,-0.0365999999999999,2.7316,C,dead,medium,6
2019-01-15 19:28:31.400,-0.0413333333333333,-1.0599999999999998,-0.0676666666666666,-0.5120000000000001,5.0368,2.4878,C,dead,medium,3
2019-01-15 19:28:31.600,-0.054,-1.1535,-0.0345,-6.9756,-1.0732000000000004,-9.366,C,dead,medium,7
2019-01-15 19:28:31.800,-0.0069999999999999,-1.241,-0.082,0.3536000000000001,0.4512,-0.5852,C,dead,medium,3
2019-01-15 19:28:32.000,-0.023,-1.109,-0.0955,8.9512,6.573,5.4392000000000005,C,dead,medium,7
2019-01-15 19:28:32.200,-0.031,-1.2453333333333332,-0.053,0.8899999999999999,-6.1218,0.0973999999999999,C,dead,medium,2
2019-01-15 19:28:32.400,-0.0125,-1.1625,-0.0745,-1.4268,-0.4998000000000001,-1.9514,C,dead,medium,6
2019-01-15 19:28:32.600,-0.021,-1.0526666666666666,-0.045,16.5732,1.6827999999999996,-1.2925999999999995,C,dead,medium,1
2019-01-15 19:28:32.800,-0.0045,-0.868,0.014,54.39,-1.2438000000000002,-5.1708,C,dead,medium,3
2019-01-15 19:28:33.000,0.0423333333333333,-0.6913333333333332,0.229,59.1826,-11.8172,0.0124,C,dead,medium,3
2019-01-15 19:28:33.200,0.004,-0.99,0.3795,15.536600000000002,-6.2438,5.6708,C,dead,medium,1
2019-01-15 19:28:33.400,0.0233333333333333,-0.8993333333333333,0.431,-11.7684,-0.4631999999999999,2.7314,C,dead,medium,2
2019-01-15 19:28:33.600,-0.002,-0.9225,0.3615,-31.0732,-0.683,2.4754,C,dead,medium,6
2019-01-15 19:28:33.800,0.0093333333333333,-0.8566666666666666,0.2026666666666667,-57.2072,3.6708,6.7074,C,dead,medium,3
2019-01-15 19:28:34.000,-0.057,-0.99,0.049,-33.305,-7.6342,1.805,C,dead,medium,1
2019-01-15 19:28:34.200,-0.0303333333333333,-0.9803333333333332,-0.0063333333333333,-5.2072,-10.6706,2.9878,C,dead,medium,7
2019-01-15 19:28:34.400,-0.043,-0.991,-0.049,1.5,4.4634,0.5853999999999999,C,dead,medium,3
2019-01-15 19:28:34.600,-0.053,-1.0933333333333335,-0.0723333333333333,1.244,5.378,2.5,C,dead,medium,3
2019-01-15 19:28:34.800,-0.0584999999999999,-1.1509999999999998,-0.0605,-8.451,-6.1708,-5.805,C,dead,medium,6
2019-01-15 19:28:35.000,-0.0076666666666666,-1.2140000000000002,-0.091,-4.1218,1.6584000000000003,-1.5244000000000004,C,dead,medium,7
2019-01-15 19:28:35.200,-0.018,-0.9945,-0.0854999999999999,8.2682,4.5732,-1.0119999999999998,C,dead,medium,2
2019-01-15 19:28:35.400,-0.0136666666666666,-1.1886666666666663,-0.0966666666666666,4.2926,5.2682,6.5734,C,dead,medium,4
2019-01-15 19:28:35.600,-0.028,-1.2735,-0.0715,-4.3534,-6.0368,-4.3536,C,dead,medium,7
2019-01-15 19:28:35.800,-0.0273333333333333,-1.181,-0.1023333333333333,5.195,-4.8658,0.5851999999999997,C,dead,medium,7
2019-01-15 19:28:36.000,-0.0145,-0.951,-0.0315,37.9022,4.9634,-4.5488,C,dead,medium,2
2019-01-15 19:28:36.200,0.0296666666666666,-0.723,0.1006666666666666,81.42699999999999,-16.488,-0.0612000000000001,C,dead,medium,2
2019-01-15 19:28:36.400,0.0199999999999999,-0.7395,0.358,30.768400000000003,1.4756,1.9998,C,dead,medium,2
2019-01-15 19:28:36.600,-0.009,-0.944,0.432,-2.5607999999999995,-4.0002,4.268199999999999,C,dead,medium,1
2019-01-15 19:28:36.800,0.0095,-0.8895,0.3914999999999999,-33.6952,1.5488,2.3902,C,dead,medium,2
2019-01-15 19:28:37.000,-0.008,-0.9086666666666666,0.2366666666666666,-46.134,-0.1463999999999998,5.4758,C,dead,medium,6
2019-01-15 19:28:37.200,-0.0245,-0.9335,0.097,-42.7806,-0.3049999999999997,3.4026,C,dead,medium,3
2019-01-15 19:28:37.400,-0.04,-1.0356666666666667,0.0216666666666666,-17.9878,-4.6098,-0.073,C,dead,medium,2
2019-01-15 19:28:37.600,-0.0475,-1.0045,-0.0289999999999999,-3.6342,-6.5852,1.2803999999999998,C,dead,medium,2
2019-01-15 19:28:37.800,-0.051,-0.9786666666666668,-0.0806666666666666,-0.3535999999999998,0.4879999999999999,3.1342,C,dead,medium,5
2019-01-15 19:28:38.000,-0.0564999999999999,-1.067,-0.1075,-1.5732000000000002,3.8048,1.4636,C,dead,medium,5
2019-01-15 19:28:38.200,-0.038,-1.115,-0.095,-5.488,-3.7316,-10.7804,C,dead,medium,5
2019-01-15 19:28:38.400,-0.0315,-1.2565,-0.13,-0.0729999999999998,-1.1828000000000003,-2.5123999999999995,C,dead,medium,2
2019-01-15 19:28:38.600,0.0246666666666666,-1.0256666666666667,-0.1073333333333333,3.939,6.7806,2.1342,C,dead,medium,6
2019-01-15 19:28:38.800,-0.012,-1.0875,-0.1255,3.2194000000000003,1.8048,5.255999999999999,C,dead,medium,5
2019-01-15 19:28:39.000,-0.0403333333333333,-1.1853333333333331,-0.0963333333333333,4.2806,-5.2196,4.4268,C,dead,medium,4
2019-01-15 19:28:39.200,-0.0285,-1.205,-0.109,-5.7682,-0.6098,0.2195999999999999,C,dead,medium,2
2019-01-15 19:28:39.400,-0.04,-1.1356666666666666,-0.123,11.634,-8.8414,-3.195,C,dead,medium,2
2019-01-15 19:28:39.600,-0.026,-0.9255,-0.038,32.4146,3.5732,-5.7682,C,dead,medium,2
2019-01-15 19:28:39.800,0.0176666666666666,-0.726,0.0863333333333333,70.7806,-18.1344,3.744,C,dead,medium,3
2019-01-15 19:28:40.000,-0.0084999999999999,-0.8845,0.303,18.6462,3.561,-0.4755999999999999,C,dead,medium,7
2019-01-15 19:28:40.200,-0.0043333333333333,-0.9566666666666668,0.344,-10.634,-0.122,5.3782,C,dead,medium,1
2019-01-15 19:28:40.400,-0.0295,-0.937,0.2694999999999999,-35.756,-0.3292,1.4026,C,dead,medium,3
2019-01-15 19:28:40.600,-0.0113333333333333,-0.8690000000000001,0.118,-45.183,0.6098000000000001,-0.2315999999999999,C,dead,medium,1
2019-01-15 19:28:40.800,-0.0255,-1.0085,0.037,-23.4268,-7.8536,3.6708,C,dead,medium,6
2019-01-15 19:28:41.000,-0.0406666666666666,-0.9883333333333332,-0.0289999999999999,-3.2074,1.049,4.9634,C,dead,medium,4
2019-01-15 19:28:41.200,-0.0505,-1.0345,-0.0935,10.6464,1.854,0.4270000000000001,C,dead,medium,4
2019-01-15 19:28:41.400,-0.0566666666666666,-1.1123333333333332,-0.071,-1.6828000000000003,6.0366,-3.8416,C,dead,medium,5
2019-01-15 19:28:41.600,-0.0135,-1.1230000000000002,-0.0755,-9.0122,-2.4756,-7.0122,C,dead,medium,6
2019-01-15 19:28:41.800,0.0076666666666666,-1.172,-0.09,-0.0853999999999999,-0.7194,0.8291999999999999,C,dead,medium,2
2019-01-15 19:28:42.000,-0.0185,-1.136,-0.1085,3.6218,10.8658,5.9026,C,dead,medium,5
2019-01-15 19:28:42.200,-0.044,-1.2993333333333332,-0.09,-0.1098000000000003,-5.1584,-1.5974000000000002,C,dead,medium,1
2019-01-15 19:28:42.400,-0.0065,-1.164,-0.0965,2.5976,-13.1704,4.4756,C,dead,medium,3
2019-01-15 19:28:42.600,-0.0366666666666666,-0.9793333333333332,-0.0546666666666666,27.561,-2.2926,-1.8536,C,dead,medium,2
2019-01-15 19:28:42.800,-0.013,-0.7915,0.031,62.4634,-15.2928,-3.4876000000000005,C,dead,medium,5
2019-01-15 19:28:43.000,0.0183333333333333,-0.7496666666666667,0.2563333333333333,44.3172,-6.3536,-1.061,C,dead,medium,5
2019-01-15 19:28:43.200,0.017,-0.977,0.4065,4.2684,-0.134,2.5363999999999995,C,dead,medium,4
2019-01-15 19:28:43.400,0.005,-0.9293333333333336,0.3786666666666667,-16.9878,0.3171999999999999,2.1342,C,dead,medium,4
2019-01-15 19:28:43.600,-0.0065,-0.8625,0.253,-43.9024,3.0244,2.4026000000000005,C,dead,medium,6
2019-01-15 19:28:43.800,-0.0286666666666666,-0.92,0.1183333333333333,-50.073,0.2437999999999998,6.0,C,dead,medium,7
2019-01-15 19:28:44.000,-0.045,-1.011,0.0209999999999999,-16.0002,-9.4878,2.9024,C,dead,medium,5
2019-01-15 19:28:44.200,-0.0556666666666666,-0.9693333333333332,-0.061,-1.488,-1.6344,2.4636,C,dead,medium,3
2019-01-15 19:28:44.400,-0.0505,-1.0335,-0.0775,-1.7073999999999998,9.1586,2.5,C,dead,medium,3
2019-01-15 19:28:44.600,-0.066,-1.1283333333333332,-0.0776666666666666,-5.817,-3.7804,-4.7684,C,dead,medium,4
2019-01-15 19:28:44.800,-0.073,-1.268,-0.149,0.0487999999999996,-3.0,-5.866,C,dead,medium,5
2019-01-15 19:28:45.000,0.001,-1.061,-0.0643333333333333,5.3292,6.4512,1.3904000000000003,C,dead,medium,7
2019-01-15 19:28:45.200,-0.0159999999999999,-1.1455000000000002,-0.1129999999999999,1.3172,9.256,6.2072,C,dead,medium,6
2019-01-15 19:28:45.400,-0.0486666666666666,-1.282,-0.1116666666666666,-2.6462,-4.6096,-0.6095999999999999,C,dead,medium,7
2019-01-15 19:28:45.600,-0.0355,-1.172,-0.1169999999999999,5.1952,-8.5122,0.3782,C,dead,medium,4
2019-01-15 19:28:45.800,-0.0326666666666666,-1.0013333333333334,-0.0556666666666666,32.2074,-2.7074000000000007,-4.4634,C,dead,medium,1
2019-01-15 19:28:46.000,-0.0225,-0.769,0.016,65.8414,-7.5244,-4.8172,C,dead,medium,2
2019-01-15 19:28:46.200,0.032,-0.726,0.2806666666666667,52.12179999999999,-8.3292,3.3292,C,dead,medium,6
2019-01-15 19:28:46.400,0.005,-0.9585,0.4545,5.3538,-2.4268,2.4756,C,dead,medium,5
2019-01-15 19:28:46.600,0.001,-0.898,0.4546666666666667,-18.561,0.4631999999999999,1.7438000000000002,C,dead,medium,3
2019-01-15 19:28:46.800,-0.024,-0.913,0.3269999999999999,-44.0366,2.0976,0.5364,C,dead,medium,3
2019-01-15 19:28:47.000,-0.0163333333333333,-0.8583333333333334,0.1346666666666666,-60.439,0.8658000000000001,5.0854,C,dead,medium,7
2019-01-15 19:28:47.200,-0.033,-1.022,0.035,-21.1952,-7.463199999999999,3.512,C,dead,medium,2
2019-01-15 19:28:47.400,-0.039,-0.999,-0.0563333333333333,-0.6098,-7.7928,2.3048,C,dead,medium,7
2019-01-15 19:28:47.600,-0.056,-1.007,-0.1055,-0.0852,2.1952,4.7318,C,dead,medium,2
2019-01-15 19:28:47.800,-0.062,-1.0763333333333334,-0.1016666666666666,-6.744,5.1464,1.549,C,dead,medium,3
2019-01-15 19:28:48.000,-0.1085,-1.098,-0.1645,-13.4512,-10.183,-7.8904,C,dead,medium,1
2019-01-15 19:28:48.200,0.0079999999999999,-1.1886666666666663,-0.149,-15.7196,18.9512,3.4266,C,dead,medium,3
2019-01-15 19:28:48.400,-0.0715,-1.0305,-0.2195,-3.857,-6.64625,2.72875,C,dead,medium,3
2019-01-15 19:32:32.600,0.025,-1.021,-0.206,2.8048,10.5366,6.3902,C,dead,medium,2
2019-01-15 19:32:32.800,0.0016666666666666,-1.0273333333333332,-0.1386666666666666,9.6218,1.3050000000000002,1.439,C,dead,medium,5
2019-01-15 19:32:33.000,-0.014,-0.989,-0.167,3.3902,-18.2928,0.5733999999999998,C,dead,medium,4
2019-01-15 19:32:33.200,0.0233333333333333,-1.0653333333333332,-0.0986666666666666,6.7684,14.7684,5.9024,C,dead,medium,5
2019-01-15 19:32:33.400,-0.0085,-1.053,-0.1125,5.7438,-5.0488,0.4514000000000001,C,dead,medium,4
2019-01-15 19:32:33.600,-0.0126666666666666,-1.2183333333333335,-0.092,6.5244,-14.4268,-3.9636,C,dead,medium,6
2019-01-15 19:32:33.800,-0.0115,-1.1885,-0.087,3.7438,-12.427,-0.5856,C,dead,medium,5
2019-01-15 19:32:34.000,0.0026666666666666,-1.091,-0.0636666666666666,16.3294,-6.695400000000001,0.4878000000000001,C,dead,medium,6
2019-01-15 19:32:34.200,-0.0005,-0.9845,-0.018,63.51220000000001,-20.8782,0.5121999999999999,C,dead,medium,2
2019-01-15 19:32:34.400,0.037,-0.6596666666666667,0.2009999999999999,70.6828,0.9269999999999996,6.3416,C,dead,medium,6
2019-01-15 19:32:34.600,-0.018,-0.869,0.3715,-3.1218000000000004,-0.8413999999999998,0.9026,C,dead,medium,5
2019-01-15 19:32:34.800,0.0023333333333333,-0.892,0.4286666666666667,-31.9512,-2.9876,-1.6706,C,dead,medium,6
2019-01-15 19:32:35.000,-0.0069999999999999,-0.924,0.3595,-39.0244,-0.8048000000000002,0.7804,C,dead,medium,6
2019-01-15 19:32:35.200,-0.0043333333333333,-0.8926666666666666,0.1776666666666666,-43.439,0.2071999999999998,0.305,C,dead,medium,7
2019-01-15 19:32:35.400,0.0005,-0.966,0.0615,-15.0852,-5.9392,0.3658,C,dead,medium,2
2019-01-15 19:32:35.600,-0.0023333333333333,-1.0086666666666666,-0.0236666666666666,-1.7682000000000002,-3.3048,2.0732,C,dead,medium,7
2019-01-15 19:32:35.800,-0.004,-1.0135,-0.0335,3.2074,2.9878,2.5854,C,dead,medium,5
2019-01-15 19:32:36.000,-0.0093333333333333,-1.0913333333333333,-0.0433333333333333,-1.6951999999999998,-0.1339999999999999,-0.9146,C,dead,medium,5
2019-01-15 19:32:36.200,-0.0375,-1.356,-0.089,-5.219600000000001,-11.488,-2.6586,C,dead,medium,5
2019-01-15 19:32:36.400,0.0533333333333333,-1.0256666666666667,-0.0003333333333333,-0.5607999999999999,1.2927999999999995,1.1342,C,dead,medium,6
2019-01-15 19:32:36.600,0.0195,-1.098,-0.0505,4.0732,18.3536,7.061,C,dead,medium,2
2019-01-15 19:32:36.800,-0.0556666666666666,-1.229666666666667,-0.0816666666666666,-8.5732,-2.0122,-1.8902,C,dead,medium,6
2019-01-15 19:32:37.000,-0.0265,-1.2155,-0.0955,0.7806,-9.8172,-1.4266,C,dead,medium,7
2019-01-15 19:32:37.200,-0.007,-1.1273333333333333,-0.0699999999999999,26.3902,-5.3536,-2.5732,C,dead,medium,1
2019-01-15 19:32:37.400,0.0005,-0.8885000000000001,0.0,79.87780000000001,-12.877800000000002,0.5244,C,dead,medium,5
2019-01-15 19:32:37.600,0.0303333333333333,-0.6173333333333333,0.244,49.5124,-3.3172000000000006,-0.8902000000000001,C,dead,medium,4
2019-01-15 19:32:37.800,0.0255,-0.9265,0.416,-19.3658,0.2195999999999999,2.5608,C,dead,medium,6
2019-01-15 19:32:38.000,0.0193333333333333,-0.8183333333333334,0.3493333333333333,-58.5004,2.0366,3.0244,C,dead,medium,5
2019-01-15 19:32:38.200,-0.0135,-0.89,0.1399999999999999,-47.3904,-4.5976,0.5732,C,dead,medium,2
2019-01-15 19:32:38.400,-0.0143333333333333,-1.0206666666666666,0.0183333333333333,-20.6098,-8.1704,1.1098,C,dead,medium,2
2019-01-15 19:32:38.600,-0.0265,-1.008,-0.0435,-3.0854000000000004,0.0485999999999996,3.378,C,dead,medium,5
2019-01-15 19:32:38.800,-0.0126666666666666,-1.024333333333333,-0.0526666666666666,4.5488,6.11,5.451,C,dead,medium,4
2019-01-15 19:32:39.000,-0.0424999999999999,-1.1005,-0.067,0.4021999999999998,-3.8416,-4.5366,C,dead,medium,7
2019-01-15 19:32:39.200,-0.0006666666666666,-1.3476666666666668,-0.0853333333333333,3.3902,7.9634,4.4634,C,dead,medium,4
2019-01-15 19:32:39.400,-0.0645,-1.219,-0.101,4.0368,-1.061,-1.0610000000000002,C,dead,medium,4
2019-01-15 19:32:39.600,-0.022,-1.2553333333333334,-0.0733333333333333,-1.8416,-3.3172,-3.1100000000000003,C,dead,medium,4
2019-01-15 19:32:39.800,-0.0255,-1.0935,-0.047,20.9024,-6.7318,-3.987600000000001,C,dead,medium,7
2019-01-15 19:32:40.000,0.003,-0.8109999999999999,0.0273333333333333,72.8412,-12.6098,0.1339999999999999,C,dead,medium,3
2019-01-15 19:32:40.200,0.0305,-0.6214999999999999,0.249,46.2316,1.8168,-0.8291999999999999,C,dead,medium,7
2019-01-15 19:32:40.400,0.0103333333333333,-0.9153333333333332,0.417,-17.2926,2.2072,2.2684,C,dead,medium,7
2019-01-15 19:32:40.600,0.008,-0.881,0.3045,-47.2682,0.4024000000000001,2.3292,C,dead,medium,1
2019-01-15 19:32:40.800,0.0063333333333333,-0.9113333333333332,0.1566666666666666,-45.8658,-3.2438,0.9268,C,dead,medium,1
2019-01-15 19:32:41.000,-0.0195,-0.9755,0.054,-25.305,-6.2196,0.2318,C,dead,medium,6
2019-01-15 19:32:41.200,-0.0123333333333333,-0.998,-0.0313333333333333,-7.8538,-2.2926,2.305,C,dead,medium,3
2019-01-15 19:32:41.400,-0.0205,-1.0195,-0.0975,5.2804,1.5242,4.3782,C,dead,medium,4
2019-01-15 19:32:41.600,-0.0323333333333333,-1.0599999999999998,-0.0903333333333333,2.6096,-5.0244,0.1949999999999995,C,dead,medium,1
2019-01-15 19:32:41.800,-0.0329999999999999,-1.146,-0.061,0.4756,-1.6829999999999998,-4.2926,C,dead,medium,3
2019-01-15 19:32:42.000,-4.625929269271485e-18,-1.279,-0.0886666666666666,8.0488,6.683,6.8536,C,dead,medium,2
2019-01-15 19:32:42.200,-0.0395,-1.293,-0.038,-2.3902,-2.5122,-2.7316,C,dead,medium,3
2019-01-15 19:32:42.400,-0.0213333333333333,-1.181,-0.0696666666666666,1.4635999999999998,-1.4388,-0.2193999999999999,C,dead,medium,3
2019-01-15 19:32:42.600,-0.0195,-1.044,-0.0395,29.1096,1.3778,-6.2926,C,dead,medium,4
2019-01-15 19:32:42.800,0.0083333333333333,-0.7996666666666666,0.0323333333333333,74.30499999999999,-10.4148,0.8294,C,dead,medium,1
2019-01-15 19:32:43.000,0.042,-0.6325000000000001,0.3235,22.9026,1.8782000000000003,5.5732,C,dead,medium,2
2019-01-15 19:32:43.200,-0.0113333333333333,-0.9593333333333334,0.3426666666666667,-32.9148,-0.2195999999999999,2.9026,C,dead,medium,4
2019-01-15 19:32:43.400,-0.0055,-0.8365,0.194,-58.0732,4.0488,1.2315999999999998,C,dead,medium,4
2019-01-15 19:32:43.600,-0.0203333333333333,-0.9243333333333332,0.0603333333333333,-36.0366,-4.3904,1.0490000000000002,C,dead,medium,1
2019-01-15 19:32:43.800,-0.032,-1.0095,-0.0425,-6.561,-10.5242,3.0122,C,dead,medium,4
2019-01-15 19:32:44.000,-0.0326666666666666,-1.0416666666666667,-0.077,4.5246,4.8782,2.073,C,dead,medium,4
2019-01-15 19:32:44.200,-0.0335,-1.0885,-0.1025,3.8658,1.0244,-0.9998,C,dead,medium,4
2019-01-15 19:32:44.400,-0.0313333333333333,-1.1543333333333334,-0.0776666666666666,-0.9266000000000002,-5.7194,-4.2072,C,dead,medium,6
2019-01-15 19:32:44.600,0.0255,-1.3625,-0.106,8.9876,5.2806,6.073,C,dead,medium,4
2019-01-15 19:32:44.800,-0.059,-1.2516666666666667,-0.0676666666666666,-3.2438,0.0122000000000003,-2.244,C,dead,medium,1
2019-01-15 19:32:45.000,-0.0385,-1.154,-0.0809999999999999,5.8902,0.9022,-2.7196,C,dead,medium,5
2019-01-15 19:32:45.200,-0.009,-0.9893333333333332,-0.0456666666666666,37.5732,5.841600000000001,-4.7562,C,dead,medium,6
2019-01-15 19:32:45.400,0.0015,-0.768,0.0605,83.47560000000001,-15.9512,4.1706,C,dead,medium,1
2019-01-15 19:32:45.600,0.015,-0.7443333333333334,0.3206666666666666,16.0488,2.8658,4.182799999999999,C,dead,medium,2
2019-01-15 19:32:45.800,-0.0165,-0.957,0.4175,-31.2684,-0.5854000000000001,4.0854,C,dead,medium,7
2019-01-15 19:32:46.000,-0.01,-0.8343333333333334,0.2639999999999999,-59.62180000000001,1.3172,1.866,C,dead,medium,1
2019-01-15 19:32:46.200,-0.027,-0.947,0.095,-36.6952,-3.7072,-0.8656,C,dead,medium,6
2019-01-15 19:32:46.400,-0.0366666666666666,-1.001,0.005,-13.9144,-8.2562,4.1952,C,dead,medium,3
2019-01-15 19:32:46.600,-0.0345,-1.0105,-0.0845,-0.6706000000000001,-5.305,3.4024,C,dead,medium,2
2019-01-15 19:32:46.800,-0.061,-1.0796666666666666,-0.0996666666666666,6.0,2.122,0.1342,C,dead,medium,6
2019-01-15 19:32:47.000,-0.067,-1.096,-0.057,-0.0974,-8.2074,-7.6828,C,dead,medium,5
2019-01-15 19:32:47.200,-0.0436666666666666,-1.3276666666666668,-0.1149999999999999,1.6464,10.305,2.4392,C,dead,medium,4
2019-01-15 19:32:47.400,-0.055,-1.2075,-0.0854999999999999,4.9632,-3.122,3.1220000000000003,C,dead,medium,3
2019-01-15 19:32:47.600,-0.0516666666666666,-1.179,-0.0803333333333333,-2.7562,-0.8172,-2.061,C,dead,medium,5
2019-01-15 19:32:47.800,-0.0455,-1.0745,-0.072,15.8534,-0.3781999999999996,-6.8172,C,dead,medium,6
2019-01-15 19:32:48.000,-0.004,-0.9116666666666666,0.0026666666666666,57.9756,1.3536,-1.9268,C,dead,medium,4
2019-01-15 19:32:48.200,0.0244999999999999,-0.6985,0.1755,70.988,-13.6952,4.4148,C,dead,medium,1
2019-01-15 19:32:48.400,0.015,-0.8553333333333333,0.401,9.2194,-3.073,2.7682,C,dead,medium,6
2019-01-15 19:32:48.600,0.009,-0.916,0.4655,-28.536400000000004,3.878,7.377799999999999,C,dead,medium,1
2019-01-15 19:32:48.800,-0.0093333333333333,-0.8693333333333334,0.295,-57.54880000000001,-1.0488,-1.6950000000000005,C,dead,medium,1
2019-01-15 19:32:49.000,-0.0085,-0.93,0.126,-48.3414,-4.3292,0.6952,C,dead,medium,6
2019-01-15 19:32:49.200,-0.023,-0.9636666666666668,-0.001,-18.4512,-4.7194,1.2318,C,dead,medium,1
2019-01-15 19:32:49.400,-0.043,-0.998,-0.0895,-1.1464,-1.573,4.3782000000000005,C,dead,medium,3
2019-01-15 19:32:49.600,-0.036,-1.0233333333333332,-0.0943333333333333,-2.6222000000000003,3.9634,3.3292,C,dead,medium,1
2019-01-15 19:32:49.800,-0.0715,-1.1425,-0.0975,-2.0854,-3.1098,-11.4266,C,dead,medium,2
2019-01-15 19:32:50.000,0.0293333333333333,-1.2613333333333332,-0.1333333333333333,7.1098,6.280600000000001,5.4878,C,dead,medium,7
2019-01-15 19:32:50.200,0.0144999999999999,-1.132,-0.132,10.8782,4.1096,5.744,C,dead,medium,7
2019-01-15 19:32:50.400,-0.042,-1.233,-0.0696666666666666,-4.8538,2.7684,-2.5734000000000004,C,dead,medium,4
2019-01-15 19:32:50.600,-0.0289999999999999,-1.15,-0.1085,7.1828,-7.622,-1.0488,C,dead,medium,3
2019-01-15 19:32:50.800,-0.0156666666666666,-1.0433333333333332,-0.0489999999999999,39.8048,1.8782,-15.707400000000002,C,dead,medium,1
2019-01-15 19:32:51.000,0.0405,-0.8200000000000001,0.052,95.5732,-17.4634,-0.7195999999999998,C,dead,medium,6
2019-01-15 19:32:51.200,0.0549999999999999,-0.616,0.3196666666666666,32.4878,3.6708,8.6096,C,dead,medium,6
2019-01-15 19:32:51.400,-0.0085,-1.008,0.5655,-2.9268,-0.7926,7.061,C,dead,medium,4
2019-01-15 19:32:51.600,0.0109999999999999,-0.8293333333333334,0.439,-42.0612,3.2074,5.8902,C,dead,medium,7
2019-01-15 19:32:51.800,-0.0075,-0.908,0.3035,-61.9636,1.6464,-1.8656,C,dead,medium,7
2019-01-15 19:32:52.000,-0.0156666666666666,-0.9093333333333332,0.1136666666666666,-46.4146,-3.6706,1.4758,C,dead,medium,6
2019-01-15 19:32:52.200,-0.019,-1.0075,0.0165,-18.1218,-5.1708,3.5978000000000003,C,dead,medium,2
2019-01-15 19:32:52.400,-0.039,-1.01,-0.0706666666666666,3.6828,-3.0732,5.6096,C,dead,medium,4
2019-01-15 19:32:52.600,-0.0295,-1.0175,-0.1169999999999999,1.8048,4.0732,3.927,C,dead,medium,1
2019-01-15 19:32:52.800,-0.0883333333333333,-1.1203333333333332,-0.0953333333333333,-7.7437999999999985,-6.9268,-10.5486,C,dead,medium,7
2019-01-15 19:32:53.000,-0.047,-1.3199999999999998,-0.172,7.7928,11.0732,6.2438,C,dead,medium,1
2019-01-15 19:32:53.200,-0.0473333333333333,-1.2746666666666666,-0.1016666666666666,5.4024,-0.7562,-0.9632000000000002,C,dead,medium,5
2019-01-15 19:32:53.400,-0.038,-1.19,-0.102,3.878200000000001,5.5732,-2.5608,C,dead,medium,3
2019-01-15 19:32:53.600,-0.0413333333333333,-1.0826666666666669,-0.0763333333333333,22.3536,2.0854,-10.061,C,dead,medium,3
2019-01-15 19:32:53.800,0.01,-0.9015,-0.023,85.4512,-6.6706,-4.8782,C,dead,medium,6
2019-01-15 19:32:54.000,0.063,-0.5606666666666668,0.2736666666666666,48.2926,-8.1584,15.5608,C,dead,medium,4
2019-01-15 19:32:54.200,-0.002,-1.0055,0.4375,15.0244,-6.3536,5.6952,C,dead,medium,7
2019-01-15 19:32:54.400,0.0093333333333333,-0.862,0.4953333333333333,-21.939,2.8902,2.8414,C,dead,medium,1
2019-01-15 19:32:54.600,-0.0235,-0.9325,0.4175,-43.805,3.122,-0.0124,C,dead,medium,4
2019-01-15 19:32:54.800,-0.0163333333333333,-0.8496666666666667,0.217,-62.75599999999999,0.6340000000000001,0.2318,C,dead,medium,3
2019-01-15 19:32:55.000,-0.0335,-1.02,0.0839999999999999,-23.3414,-10.280600000000002,-1.2437999999999998,C,dead,medium,5
2019-01-15 19:32:55.200,-0.0349999999999999,-0.998,-0.0063333333333333,-11.073,-5.4146,5.2318,C,dead,medium,2
2019-01-15 19:32:55.400,-0.0375,-1.0215,-0.047,0.1583999999999999,5.2436,4.5246,C,dead,medium,6
2019-01-15 19:32:55.600,-0.041,-1.0193333333333332,-0.1016666666666666,-2.5363999999999995,-1.2315999999999998,3.7681999999999993,C,dead,medium,6
2019-01-15 19:32:55.800,-0.0565,-1.1055,-0.074,-1.4024,-7.5,-6.207199999999999,C,dead,medium,6
2019-01-15 19:32:56.000,-0.072,-1.3076666666666668,-0.0816666666666666,-0.4876000000000001,6.561,1.317,C,dead,medium,5
2019-01-15 19:32:56.200,-0.0545,-1.1525,-0.1315,6.561,1.6948,0.7316,C,dead,medium,2
2019-01-15 19:32:56.400,-0.0559999999999999,-1.219,-0.0923333333333333,-1.5852000000000002,4.3294,0.6584000000000001,C,dead,medium,5
2019-01-15 19:32:56.600,-0.048,-1.141,-0.102,12.378,-3.963200000000001,-4.4268,C,dead,medium,3
2019-01-15 19:32:56.800,-0.022,-1.0123333333333333,-0.034,47.2314,-0.3171999999999998,-7.195,C,dead,medium,5
2019-01-15 19:32:57.000,0.022,-0.745,0.0584999999999999,93.8416,-24.2928,4.6952,C,dead,medium,5
2019-01-15 19:32:57.200,0.02,-0.6836666666666668,0.3966666666666666,15.987799999999998,1.3293999999999997,2.561,C,dead,medium,4
2019-01-15 19:32:57.400,0.0,-0.9735,0.5345,-2.3412,-2.0854000000000004,2.3658,C,dead,medium,1
2019-01-15 19:32:57.600,0.0023333333333333,-0.8850000000000001,0.4646666666666667,-19.7316,1.0854,2.9634,C,dead,medium,1
2019-01-15 19:32:57.800,-0.0135,-0.911,0.3934999999999999,-45.0608,4.3294,4.317,C,dead,medium,2
2019-01-15 19:32:58.000,-0.022,-0.8756666666666666,0.2026666666666666,-58.21939999999999,3.402200000000001,3.9512,C,dead,medium,5
2019-01-15 19:32:58.200,-0.0375,-0.949,0.0595,-30.0122,-3.890400000000001,-0.2442,C,dead,medium,2
2019-01-15 19:32:58.400,-0.0563333333333333,-1.0013333333333334,-0.0423333333333333,-7.122,-11.195,-0.4634,C,dead,medium,4
2019-01-15 19:32:58.600,-0.0325,-0.9915,-0.0835,-1.0976,3.9634,4.439,C,dead,medium,4
2019-01-15 19:32:58.800,-0.0566666666666666,-1.0703333333333334,-0.0943333333333333,2.8534,0.9755999999999998,-2.1464,C,dead,medium,1
2019-01-15 19:32:59.000,-0.0555,-1.127,-0.1095,-2.0122,-5.9514,-6.9756,C,dead,medium,3
2019-01-15 19:32:59.200,-0.045,-1.2986666666666666,-0.1326666666666666,4.561,7.5,7.9756,C,dead,medium,3
2019-01-15 19:32:59.400,-0.0485,-1.2755,-0.0875,-2.0244,-4.0,-3.927,C,dead,medium,7
2019-01-15 19:32:59.600,-0.031,-1.1756666666666666,-0.1166666666666666,4.3414,-2.488,-1.7315999999999998,C,dead,medium,1
2019-01-15 19:32:59.800,-0.0475,-1.0715,-0.0765,30.5852,-3.2804,-4.3658,C,dead,medium,5
2019-01-15 19:33:00.000,0.016,-0.8603333333333333,0.0006666666666666,71.5978,-18.195,0.683,C,dead,medium,1
2019-01-15 19:33:00.200,0.0195,-0.6005,0.2664999999999999,44.9024,-1.5730000000000002,0.4512,C,dead,medium,2
2019-01-15 19:33:00.400,0.002,-0.9303333333333332,0.421,-3.4024,-0.4511999999999999,3.5,C,dead,medium,2
2019-01-15 19:33:00.600,0.008,-0.914,0.3745,-20.7318,3.0,4.561,C,dead,medium,5
2019-01-15 19:33:00.800,-0.021,-0.9343333333333332,0.3273333333333333,-37.0976,2.1952000000000003,-0.4755999999999999,C,dead,medium,3
2019-01-15 19:33:01.000,-0.0125,-0.8714999999999999,0.1795,-50.1096,2.0122,3.805,C,dead,medium,4
2019-01-15 19:33:01.200,-0.0366666666666666,-0.9696666666666666,0.0253333333333333,-27.939,-8.6096,3.6706,C,dead,medium,3
2019-01-15 19:33:01.400,-0.0405,-1.0365,-0.0274999999999999,-8.4146,-1.0608,0.0245999999999998,C,dead,medium,4
2019-01-15 19:33:01.600,-0.0463333333333333,-0.976,-0.112,0.7440000000000001,-0.1461999999999998,3.5244,C,dead,medium,3
2019-01-15 19:33:01.800,-0.0595,-1.0825,-0.113,2.1586000000000003,2.1222000000000003,0.2315999999999998,C,dead,medium,2
2019-01-15 19:33:02.000,-0.0803333333333333,-1.0873333333333333,-0.1363333333333333,-8.3416,0.2073999999999998,-7.7074,C,dead,medium,4
2019-01-15 19:33:02.200,-0.008,-1.2125,-0.183,9.061,6.1952,-5.317,C,dead,medium,3
2019-01-15 19:33:02.400,0.0253333333333333,-1.0586666666666666,-0.0936666666666666,-9.695,22.6708,13.0,C,dead,medium,7
2019-01-15 19:33:02.600,-0.0605,-1.0245,-0.143,-6.2195,21.86,7.45425,C,dead,medium,2
2019-01-15 19:37:18.200,-0.0095,-0.915,-0.289,-12.561,-16.7438,3.4634,C,dead,medium,5
2019-01-15 19:37:18.400,0.094,-1.035,-0.1895,-6.7196,1.2072000000000005,0.5851999999999998,C,dead,medium,5
2019-01-15 19:37:18.600,0.1363333333333333,-1.088,-0.253,38.7072,4.7196,-2.0734,C,dead,medium,2
2019-01-15 19:37:18.800,-0.008,-0.949,-0.1714999999999999,14.5488,4.524000000000001,12.3658,C,dead,medium,5
2019-01-15 19:37:19.000,0.08,-1.2393333333333334,-0.1133333333333333,4.7682,-8.5,-3.0122,C,dead,medium,7
2019-01-15 19:37:19.200,0.0625,-1.2075,-0.128,-2.0486,-11.9756,0.5731999999999999,C,dead,medium,3
2019-01-15 19:37:19.400,0.045,-1.0796666666666666,-0.1043333333333333,11.2438,-2.5734000000000004,4.3902,C,dead,medium,3
2019-01-15 19:37:19.600,0.035,-0.9555,-0.052,43.268,-4.2804,-2.2194000000000003,C,dead,medium,2
2019-01-15 19:37:19.800,0.0666666666666666,-0.6553333333333334,0.1546666666666666,72.951,-11.293,4.8536,C,dead,medium,2
2019-01-15 19:37:20.000,0.031,-0.939,0.285,-6.8048,-2.6096000000000004,-0.1219999999999999,C,dead,medium,5
2019-01-15 19:37:20.200,0.065,-0.8513333333333334,0.2356666666666666,-50.549,-3.8902,-3.378,C,dead,medium,1
2019-01-15 19:37:20.400,0.03,-0.92,0.1,-48.3536,-5.5124,-2.9392000000000005,C,dead,medium,3
2019-01-15 19:37:20.600,0.0736666666666666,-1.028333333333333,-0.0313333333333333,-8.0122,-7.756399999999999,3.317,C,dead,medium,6
2019-01-15 19:37:20.800,0.057,-1.0335,-0.043,13.536599999999998,-1.7562000000000002,4.3292,C,dead,medium,2
2019-01-15 19:37:21.000,0.046,-1.020333333333333,-0.0446666666666666,6.4268,6.488,8.0612,C,dead,medium,5
2019-01-15 19:37:21.200,0.0395,-1.097,-0.038,-6.7682,1.8538,-3.8290000000000006,C,dead,medium,1
2019-01-15 19:37:21.400,0.0923333333333333,-1.2776666666666665,-0.062,-8.1096,1.6829999999999998,-4.4636,C,dead,medium,5
2019-01-15 19:37:21.600,0.0395,-1.127,-0.0925,3.5122,2.6342,4.634,C,dead,medium,1
2019-01-15 19:37:21.800,0.0526666666666666,-1.286333333333333,-0.0773333333333333,-6.3658,3.256,-2.3046,C,dead,medium,1
2019-01-15 19:37:22.000,0.0515,-1.1575,-0.1,8.6462,-5.7316,-0.4756,C,dead,medium,7
2019-01-15 19:37:22.200,0.0489999999999999,-0.989,-0.032,42.6464,0.244,0.1217999999999999,C,dead,medium,2
2019-01-15 19:37:22.400,0.066,-0.5625,0.1149999999999999,73.60979999999999,-0.9268000000000004,6.8782,C,dead,medium,5
2019-01-15 19:37:22.600,0.0296666666666666,-0.8533333333333334,0.2916666666666667,-1.5610000000000004,-2.1462,1.9756,C,dead,medium,4
2019-01-15 19:37:22.800,0.0295,-0.8565,0.2985,-44.1462,-7.109999999999999,-1.0,C,dead,medium,3
2019-01-15 19:37:23.000,0.0523333333333333,-0.8903333333333333,0.122,-46.2926,-4.4512,-1.8902,C,dead,medium,1
2019-01-15 19:37:23.200,0.0335,-0.9995,0.0015,-19.0002,-10.9878,-0.3535999999999999,C,dead,medium,7
2019-01-15 19:37:23.400,0.0476666666666666,-1.0146666666666666,-0.0526666666666666,-0.8170000000000002,-1.7440000000000002,1.2074,C,dead,medium,5
2019-01-15 19:37:23.600,0.054,-1.031,-0.059,7.061,1.3658,3.8536,C,dead,medium,5
2019-01-15 19:37:23.800,0.0593333333333333,-1.124,-0.049,-0.4268,-0.5120000000000001,-12.561,C,dead,medium,5
2019-01-15 19:37:24.000,0.1095,-1.4175,-0.0819999999999999,3.2318,6.5732,8.2438,C,dead,medium,2
2019-01-15 19:37:24.200,0.0706666666666666,-1.204,-0.0566666666666666,3.4026,-5.171,7.0608,C,dead,medium,3
2019-01-15 19:37:24.400,0.068,-1.201,-0.062,-8.5122,-1.61,-3.317,C,dead,medium,7
2019-01-15 19:37:24.600,0.0446666666666666,-1.097,-0.0463333333333333,14.7196,-6.292800000000001,-0.7804,C,dead,medium,1
2019-01-15 19:37:24.800,0.0525,-0.9145,0.0255,45.4878,0.8658000000000001,-1.866,C,dead,medium,3
2019-01-15 19:37:25.000,0.0553333333333333,-0.6776666666666666,0.1909999999999999,74.232,-8.2318,1.1584,C,dead,medium,5
2019-01-15 19:37:25.200,0.0564999999999999,-0.863,0.308,-4.8902,-0.4026000000000005,2.1952000000000003,C,dead,medium,2
2019-01-15 19:37:25.400,0.0546666666666666,-0.9033333333333332,0.3456666666666666,-43.9144,-1.3294,2.2196,C,dead,medium,2
2019-01-15 19:37:25.600,0.0495,-0.8765000000000001,0.1649999999999999,-53.48780000000001,-0.5364000000000001,2.2318,C,dead,medium,6
2019-01-15 19:37:25.800,0.0283333333333333,-0.9693333333333332,0.0093333333333333,-26.695,-13.5488,1.4756,C,dead,medium,5
2019-01-15 19:37:26.000,0.047,-0.992,-0.049,-2.2196,-0.8535999999999999,2.4512,C,dead,medium,7
2019-01-15 19:37:26.200,0.0246666666666666,-1.037,-0.0723333333333333,6.3414,1.0,4.4268,C,dead,medium,6
2019-01-15 19:37:26.400,0.0185,-1.109,-0.061,-2.1828000000000003,-3.938800000000001,-5.329400000000001,C,dead,medium,5
2019-01-15 19:37:26.600,0.1139999999999999,-1.336,-0.125,-0.7684000000000003,7.4512,2.4514,C,dead,medium,1
2019-01-15 19:37:26.800,-0.016,-1.1805,-0.113,7.4512,-3.756,5.134399999999999,C,dead,medium,7
2019-01-15 19:37:27.000,0.031,-1.2133333333333332,-0.076,-8.2804,-1.1464000000000003,0.4267999999999999,C,dead,medium,2
2019-01-15 19:37:27.200,0.032,-1.1195,-0.076,10.4754,-2.8294,-1.4268,C,dead,medium,1
2019-01-15 19:37:27.400,0.0289999999999999,-0.944,-0.0273333333333333,41.9634,7.2072,-7.4512,C,dead,medium,6
2019-01-15 19:37:27.600,0.0414999999999999,-0.657,0.125,70.00019999999999,-3.317,-1.829,C,dead,medium,4
2019-01-15 19:37:27.800,0.0543333333333333,-0.8533333333333334,0.3166666666666666,7.1098,1.4634000000000005,3.4144,C,dead,medium,1
2019-01-15 19:37:28.000,0.0424999999999999,-0.9055,0.3365,-40.4636,-3.5977999999999994,1.4756,C,dead,medium,5
2019-01-15 19:37:28.200,0.0513333333333333,-0.844,0.1506666666666666,-49.2806,-2.7804,1.7927999999999995,C,dead,medium,2
2019-01-15 19:37:28.400,0.053,-1.001,0.032,-28.3294,-6.622,3.7928,C,dead,medium,6
2019-01-15 19:37:28.600,0.015,-1.015,-0.0623333333333333,-2.4024,-4.8782000000000005,1.4268,C,dead,medium,7
2019-01-15 19:37:28.800,0.0144999999999999,-1.031,-0.089,6.256,4.3292,4.1096,C,dead,medium,7
2019-01-15 19:37:29.000,0.0146666666666666,-1.093,-0.0576666666666666,0.3537999999999999,-4.8416,-15.7928,C,dead,medium,4
2019-01-15 19:37:29.200,0.0935,-1.347,-0.1005,3.3172,9.3538,11.8904,C,dead,medium,2
2019-01-15 19:37:29.400,0.0636666666666666,-1.2773333333333332,-0.0683333333333333,3.0366,0.8416000000000002,1.7805999999999995,C,dead,medium,4
2019-01-15 19:37:29.600,0.0289999999999999,-1.1695,-0.0605,-5.2074,-1.3292000000000002,0.0852,C,dead,medium,6
2019-01-15 19:37:29.800,0.0303333333333333,-1.069,-0.0563333333333333,11.7806,-1.634,-0.7682,C,dead,medium,4
2019-01-15 19:37:30.000,0.0365,-0.928,0.0355,40.9268,5.3538,-3.1096,C,dead,medium,4
2019-01-15 19:37:30.200,0.0503333333333333,-0.7536666666666667,0.1633333333333333,66.6952,-8.6828,4.9632,C,dead,medium,5
2019-01-15 19:37:30.400,0.05,-0.847,0.3275,14.244,-1.2562,2.7804,C,dead,medium,1
2019-01-15 19:37:30.600,0.0266666666666666,-0.911,0.3703333333333333,-36.0606,0.7806000000000001,2.0976,C,dead,medium,2
2019-01-15 19:37:30.800,0.0265,-0.8474999999999999,0.18,-56.6706,-0.756,1.1708,C,dead,medium,5
2019-01-15 19:37:31.000,0.0166666666666666,-0.9743333333333334,0.0216666666666666,-33.0608,-10.0122,3.2074,C,dead,medium,1
2019-01-15 19:37:31.200,0.0075,-1.0055,-0.0485,-6.9146,-3.6344,2.5854,C,dead,medium,2
2019-01-15 19:37:31.400,-0.008,-1.014,-0.092,-1.0366,3.1705999999999994,3.4512,C,dead,medium,5
2019-01-15 19:37:31.600,-0.0145,-1.093,-0.103,-1.0486,3.0364000000000004,-9.1218,C,dead,medium,7
2019-01-15 19:37:31.800,0.0136666666666666,-1.3259999999999998,-0.1226666666666666,1.8902,0.4269999999999997,-0.7315999999999999,C,dead,medium,1
2019-01-15 19:37:32.000,0.0389999999999999,-1.2175,-0.129,9.6708,0.9754000000000002,11.1094,C,dead,medium,3
2019-01-15 19:37:32.200,0.0213333333333333,-1.234,-0.071,-1.4144,-2.2924,-2.1708,C,dead,medium,3
2019-01-15 19:37:32.400,0.022,-1.131,-0.0849999999999999,4.3658,-3.2198,-5.4634,C,dead,medium,3
2019-01-15 19:37:32.600,0.0283333333333333,-0.9836666666666668,-0.036,38.6828,4.683,-15.5,C,dead,medium,5
2019-01-15 19:37:32.800,0.071,-0.714,0.07,100.2438,-16.073,-6.0122,C,dead,medium,3
2019-01-15 19:37:33.000,0.0943333333333333,-0.6996666666666668,0.4066666666666667,31.768400000000003,0.2927999999999999,10.439,C,dead,medium,6
2019-01-15 19:37:33.200,0.0905,-0.954,0.5555,-17.317,1.2318,1.878,C,dead,medium,1
2019-01-15 19:37:33.400,0.0696666666666666,-0.8029999999999999,0.3473333333333333,-59.3904,1.9756,3.9266,C,dead,medium,3
2019-01-15 19:37:33.600,0.0584999999999999,-0.867,0.161,-62.5244,-5.256,5.5368,C,dead,medium,7
2019-01-15 19:37:33.800,0.0273333333333333,-1.0196666666666667,0.0149999999999999,-27.7194,-6.0974,5.6342,C,dead,medium,5
2019-01-15 19:37:34.000,0.0125,-0.993,-0.037,1.0244,-2.5488,3.3902,C,dead,medium,7
2019-01-15 19:37:34.200,0.0163333333333333,-1.0406666666666666,-0.0686666666666666,1.5852000000000002,11.195,5.5734,C,dead,medium,6
2019-01-15 19:37:34.400,0.011,-1.125,-0.094,-3.622,-5.207400000000001,-9.0854,C,dead,medium,4
2019-01-15 19:37:34.600,0.0493333333333333,-1.2973333333333332,-0.0966666666666666,-0.5366,2.5732,3.0485999999999995,C,dead,medium,5
2019-01-15 19:37:34.800,0.0394999999999999,-1.216,-0.097,2.6586,3.0364000000000004,5.292800000000001,C,dead,medium,1
2019-01-15 19:37:35.000,0.011,-1.221666666666667,-0.1076666666666666,0.5609999999999999,3.634,-4.7074,C,dead,medium,5
2019-01-15 19:37:35.200,0.0205,-1.145,-0.101,18.6706,-3.9634,-9.3658,C,dead,medium,4
2019-01-15 19:37:35.400,0.067,-0.9213333333333332,-0.0156666666666666,61.47580000000001,-4.8538,-15.134199999999998,C,dead,medium,4
2019-01-15 19:37:35.600,0.1015,-0.4595,0.191,82.183,2.378000000000001,12.1708,C,dead,medium,7
2019-01-15 19:37:35.800,0.0666666666666666,-0.911,0.486,7.365600000000001,-2.4268,7.2682,C,dead,medium,3
2019-01-15 19:37:36.000,0.074,-0.8455,0.449,-23.0122,-0.2926000000000001,0.6706,C,dead,medium,2
2019-01-15 19:37:36.200,0.042,-0.871,0.3406666666666667,-53.634,-3.2074,4.292800000000001,C,dead,medium,6
2019-01-15 19:37:36.400,0.0564999999999999,-0.912,0.1634999999999999,-52.7314,-2.8534,6.0608,C,dead,medium,1
2019-01-15 19:37:36.600,0.0156666666666666,-0.9586666666666668,0.0273333333333333,-24.939,-8.853800000000001,2.1100000000000003,C,dead,medium,7
2019-01-15 19:37:36.800,0.0209999999999999,-1.022,-0.026,-5.9510000000000005,-1.7440000000000004,4.1218,C,dead,medium,7
2019-01-15 19:37:37.000,0.0029999999999999,-1.0526666666666666,-0.104,-0.2806000000000001,2.5976,0.8657999999999998,C,dead,medium,2
2019-01-15 19:37:37.200,0.024,-1.0995,-0.097,0.2435999999999999,1.2928,1.305,C,dead,medium,6
2019-01-15 19:37:37.400,0.0176666666666666,-1.272,-0.1316666666666666,-4.817200000000001,-6.7928,-5.89,C,dead,medium,3
2019-01-15 19:37:37.600,0.034,-1.24,-0.1135,-1.061,4.7926,5.183,C,dead,medium,4
2019-01-15 19:37:37.800,0.0156666666666666,-1.2163333333333333,-0.135,0.4513999999999999,-3.1096000000000004,-0.5609999999999999,C,dead,medium,7
2019-01-15 19:37:38.000,0.0075,-1.114,-0.1139999999999999,18.11,-1.0854,-8.1952,C,dead,medium,6
2019-01-15 19:37:38.200,0.0323333333333333,-0.9613333333333332,-0.0423333333333333,59.78060000000001,3.2562,-14.8048,C,dead,medium,6
2019-01-15 19:37:38.400,0.1035,-0.607,0.149,92.1342,-9.695,6.353400000000001,C,dead,medium,2
2019-01-15 19:37:38.600,0.0699999999999999,-0.8029999999999999,0.428,10.817,-1.4756000000000002,9.6344,C,dead,medium,6
2019-01-15 19:37:38.800,0.0745,-0.8999999999999999,0.5349999999999999,1.0122000000000004,-0.4512,-1.39,C,dead,medium,4
2019-01-15 19:37:39.000,0.0616666666666666,-0.8846666666666666,0.4793333333333333,-22.3292,-0.8048,2.4146,C,dead,medium,5
2019-01-15 19:37:39.200,0.066,-0.8195,0.328,-48.2196,3.6952,3.7438,C,dead,medium,5
2019-01-15 19:37:39.400,0.0326666666666666,-0.9186666666666669,0.1736666666666666,-57.9754,-3.134,4.4268,C,dead,medium,3
2019-01-15 19:37:39.600,0.027,-0.984,0.0505,-26.829200000000004,-5.5124,3.268,C,dead,medium,3
2019-01-15 19:37:39.800,0.0036666666666666,-0.9796666666666668,-0.074,-14.780599999999998,-3.2926,3.9024,C,dead,medium,1
2019-01-15 19:37:40.000,-0.002,-1.041,-0.1295,-2.9512,-0.7317999999999996,1.378,C,dead,medium,6
2019-01-15 19:37:40.200,0.0053333333333333,-1.1276666666666666,-0.1446666666666666,-6.9878,9.2924,2.5366,C,dead,medium,1
2019-01-15 19:37:40.400,-0.0119999999999999,-1.357,-0.2135,-2.0730000000000004,0.4756,1.3172,C,dead,medium,4
2019-01-15 19:37:40.600,0.0173333333333333,-1.2423333333333335,-0.1743333333333333,0.8172,-1.5002,-1.8416,C,dead,medium,2
2019-01-15 19:37:40.800,0.0015,-1.209,-0.1855,5.317,-4.7196,-2.9388,C,dead,medium,7
2019-01-15 19:37:41.000,-0.0006666666666666,-1.106666666666667,-0.1473333333333333,22.2194,-8.2316,-3.9636,C,dead,medium,6
2019-01-15 19:37:41.200,0.031,-0.996,-0.021,55.512,10.5486,-11.7316,C,dead,medium,1
2019-01-15 19:37:41.400,0.0683333333333333,-0.6593333333333333,0.1633333333333333,101.2196,-3.5490000000000004,-3.7318,C,dead,medium,6
2019-01-15 19:37:41.600,0.0615,-0.7155,0.359,7.4754,-9.6096,9.805,C,dead,medium,4
2019-01-15 19:37:41.800,0.0883333333333333,-0.979,0.5253333333333333,-9.0732,-7.5488,2.5732,C,dead,medium,5
2019-01-15 19:37:42.000,0.0915,-0.8825000000000001,0.4255,-13.414600000000002,0.2681999999999999,1.4268,C,dead,medium,7
2019-01-15 19:37:42.200,0.067,-0.8683333333333333,0.3356666666666667,-43.5854,-1.427,4.7316,C,dead,medium,5
2019-01-15 19:37:42.400,0.0465,-0.8334999999999999,0.1605,-65.9148,-0.5609999999999999,7.902200000000001,C,dead,medium,1
2019-01-15 19:37:42.600,0.0176666666666666,-0.9896666666666666,-0.0029999999999999,-30.805,-4.5854,5.9266,C,dead,medium,6
2019-01-15 19:37:42.800,0.0035,-1.0045,-0.0805,-8.0856,-0.2073999999999998,1.4024,C,dead,medium,6
2019-01-15 19:37:43.000,-0.0083333333333333,-1.0693333333333337,-0.1326666666666666,0.7682,4.2686,4.6342,C,dead,medium,6
2019-01-15 19:37:43.200,0.012,-1.1175000000000002,-0.147,-2.7438,2.6952,1.5856,C,dead,medium,4
2019-01-15 19:37:43.400,0.0416666666666666,-1.285,-0.1796666666666666,-0.1586000000000004,2.9756,-3.2928,C,dead,medium,1
2019-01-15 19:37:43.600,-0.0185,-1.1775,-0.127,0.9267999999999998,2.39,1.5122,C,dead,medium,2
2019-01-15 19:37:43.800,-0.0063333333333333,-1.1673333333333331,-0.154,0.0486,-0.5974,-0.6222,C,dead,medium,7
2019-01-15 19:37:44.000,0.004,-1.09,-0.1445,16.939,-6.5122,0.634,C,dead,medium,5
2019-01-15 19:37:44.200,0.0066666666666666,-1.024333333333333,-0.057,45.0732,11.5854,-6.9268,C,dead,medium,6
2019-01-15 19:37:44.400,0.03,-0.8380000000000001,0.081,101.5608,-17.7072,-33.1708,C,dead,medium,1
2019-01-15 19:37:44.600,0.1053333333333333,-0.5716666666666667,0.2596666666666666,15.4512,16.0732,26.1464,C,dead,medium,1
2019-01-15 19:37:44.800,0.0535,-1.1629999999999998,0.6094999999999999,0.0612000000000002,-8.622,6.3536,C,dead,medium,4
2019-01-15 19:37:45.000,0.0596666666666666,-0.8556666666666667,0.4453333333333333,-1.561,-1.4756,-0.7318,C,dead,medium,7
2019-01-15 19:37:45.200,0.0495,-0.9385,0.4775,-19.4636,-1.2436,2.2682,C,dead,medium,3
2019-01-15 19:37:45.400,0.0483333333333333,-0.8246666666666668,0.3003333333333333,-60.69500000000001,-0.6584,6.4756,C,dead,medium,6
2019-01-15 19:37:45.600,0.031,-0.9445,0.09,-52.31699999999999,-8.2684,7.195400000000001,C,dead,medium,5
2019-01-15 19:37:45.800,0.0043333333333333,-0.9906666666666668,-0.0223333333333333,-24.0978,-3.1584,2.5002,C,dead,medium,1
2019-01-15 19:37:46.000,-0.0055,-1.0045,-0.1114999999999999,-12.195,2.1342,-0.2072,C,dead,medium,2
2019-01-15 19:37:46.200,-0.0069999999999999,-1.034333333333333,-0.1366666666666667,-1.3294,5.0976,2.2682,C,dead,medium,5
2019-01-15 19:37:46.400,-0.008,-1.052,-0.1665,0.439,6.0608,1.1708,C,dead,medium,7
2019-01-15 19:37:46.600,0.0146666666666666,-1.2566666666666666,-0.1686666666666666,9.549,-16.829,-18.4634,C,dead,medium,6
2019-01-15 19:37:46.800,0.043,-0.963,-0.2455,-9.512,3.9512,-2.3172,C,dead,medium,1
2019-01-15 19:37:47.000,0.0763333333333333,-1.0073333333333334,-0.1366666666666666,-8.4268,13.0002,1.061,C,dead,medium,1
2019-01-15 19:37:47.200,0.064,-1.035,-0.1654999999999999,-4.9512,6.8416,0.3659999999999999,C,dead,medium,5
2019-01-15 19:37:47.400,0.0843333333333333,-1.0306666666666666,-0.1526666666666666,2.256,24.9878,1.1586,C,dead,medium,1
2019-01-15 19:37:47.600,0.098,-1.039,-0.103,12.7135,32.2255,4.1770000000000005,C,dead,medium,4
